NAME: multi_modal_data
TYPE: MM

VEHICLES: 2
DIMENSION: 51

NUM_T: 2
NUM_D: 1

MAXIMUM_SYSTEM_DURATION: 300
UNIT: MIN

SERVICETIME: 5
UNIT: MIN

TAKEOFF_LANDING_TIME: 2
UNIT: MIN

MAX_WAITING_TIME: 99999999
UNIT: MIN

INIT_SOC: 100
MAX_SOC: 100
MIN_SOC_T: 3
MIN_SOC_D: 3
UNIT: %

DEMAND_T: 26
DEMAND_D: 0
UNIT: EA

MASS_T: 1940
MASS_D: 15
UNIT: KG

LIFT_TO_DRAG: 3
POWER_MOTOR_PROP: 0.5
UNIT: RATIO

POWER_ELEC: 0.1
UNIT: KW

CARGO_LIMIT_TRUCK: 99999999999999
UNIT: KG

CARGO_LIMIT_DRONE: 6
UNIT: KG

BATTERY_KWH_T: 100
BATTERY_KWH_D: 0.3
UNIT: KWH 

ENERGY_KWH/KM_T: 1.0
ENERGY_KWH/KM_D: 0.1
UNIT: KWH/KM

CHARGING_KW_D: 0.5
CHARGING_KW_T: 80
UNIT: KW 

LOSISTIC_KWH/KG_T: 0.001
LOSISTIC_KWH/KG_D: 0.001
UNIT: KWH/KG

SPEED_T: 0.3
SPEED_D: 1.0
UNIT: KM/MIN

ALTITUDE: 100
UNIT: M

CURVY_AIR: 1.0
UNIT: RATIO

CURVY_ROAD: 1.2
UNIT: RATIO

DEPOT_SECTION
0

EDGE_KM_D_TYPE: EUC_2D(haversine)
EDGE_KM_T_TYPE: MAN_2D(haversine)
EDGE_KM_D_FORMAT : FULL_MATRIX
EDGE_KM_T_FORMAT : FULL_MATRIX

NODE_COORD_SECTION
0	37.59556447	127.09513973
1	37.61326997	127.08528898
2	37.58557294	127.10045007
3	37.59472061	127.07205785
4	37.60860805	127.08046403
5	37.58432957	127.07611094
6	37.60151370	127.08059436
7	37.60855245	127.11026175
8	37.61759129	127.09765327
9	37.57224199	127.08636775
10	37.60560957	127.11455218
11	37.58403619	127.10857061
12	37.57646363	127.09279092
13	37.61714912	127.10701446
14	37.59880600	127.11038888
15	37.61299686	127.10992768
16	37.58080153	127.08769290
17	37.61433740	127.10861201
18	37.61503842	127.09065306
19	37.57413279	127.08365863
20	37.60333777	127.10317550
21	37.58275409	127.10021469
22	37.58553929	127.10388556
23	37.61114834	127.10437143
24	37.57442214	127.07998817
25	37.60592645	127.08807108
26	37.57689612	127.09993855
27	37.58667339	127.08253616
28	37.58357327	127.09165894
29	37.59359899	127.08352422
30	37.59178583	127.07265433
31	37.59398801	127.08758851
32	37.60995872	127.11165535
33	37.61017608	127.11458270
34	37.61019730	127.08909206
35	37.57804726	127.09914886
36	37.59155066	127.09010255
37	37.57481216	127.08488914
38	37.61941679	127.09870727
39	37.60886931	127.07356327
40	37.60625317	127.10895838
41	37.59326264	127.10420012
42	37.59414244	127.10906082
43	37.60781762	127.11406732
44	37.58293926	127.07586017
45	37.60392376	127.09773845
46	37.58053989	127.08593267
47	37.57703739	127.09002495
48	37.60386488	127.11645014
49	37.58846833	127.09751146
50	37.58153032	127.09472352

EDGE_KM_D
0.00000000	2.15153130	1.20551458	2.03578022	1.94296929	2.09088119	1.44212954	1.96480225	2.45926191	2.70608943	2.04264265	1.74461582	2.13398057	2.61815744	1.39099206	2.33547983	1.76784860	2.40124945	2.20118228	2.58894662	1.11727017	1.49298890	1.35516970	1.91420029	2.70357973	1.30971884	2.11845847	1.48681144	1.36818091	1.04646308	2.02516908	0.68800577	2.16303122	2.36084245	1.71210233	1.97960272	0.62941558	2.47803571	2.67081311	2.40868548	1.70136506	0.83829823	1.23666523	2.15332127	2.20376471	0.95729123	1.85721471	2.10884288	2.09203062	0.81625852	1.56096027
2.15153130	0.00000000	3.35694098	2.36915405	0.67033800	3.31806132	1.37109344	2.26142673	1.19034611	4.56309951	2.71481493	3.84367373	4.14571235	1.96160735	2.73415737	2.17046740	3.61653774	2.05777388	0.51176604	4.35423214	1.92412409	3.63910157	3.49174022	1.69733868	4.34486200	0.85254551	4.24554157	2.96733566	3.34947515	2.19283460	2.63550562	2.15360819	2.35148540	2.60316567	0.47849397	4.10253570	2.45202754	4.27646446	1.36528128	1.14291645	2.22617773	2.77935839	2.98482398	2.60646682	3.47341986	1.51086100	3.63986527	4.05043464	2.93741432	2.96057646	3.62585249
1.20551458	3.35694098	0.00000000	2.70053578	3.10824458	2.14913171	2.49044672	2.69746676	3.56879859	1.93322729	2.55099098	0.73567552	1.21717880	3.55842193	1.71230771	3.16165258	1.24305739	3.27829689	3.38819201	1.95134186	1.98990271	0.31412775	0.30274433	2.86476528	2.18832033	2.51229090	0.96587221	1.58322249	0.80592843	1.73799221	2.54471118	1.46962523	2.88569303	3.00576023	2.91522588	0.84463785	1.12831368	1.81991334	3.76639944	3.51020031	2.41863593	0.91667908	1.21803771	2.74909270	2.18649733	2.05445847	1.39631756	1.32089658	2.47472423	0.41315837	0.67579788
2.03578022	2.36915405	2.70053578	0.00000000	1.71260755	1.20936366	1.06591842	3.70041514	3.39871013	2.79956908	3.93461906	3.42954186	2.73109014	3.96261949	3.40747777	3.90635160	2.07205431	3.88941844	2.79061975	2.50712617	2.90408781	2.81525985	2.98440325	3.38235273	2.36278911	1.88222821	3.15654679	1.28571378	2.12585165	1.01792060	0.33053816	1.37075754	3.87811639	4.12164554	2.28331633	3.02252104	1.62846648	2.48574654	3.61276150	1.57884518	3.49465272	2.83655747	3.26079130	3.97714196	1.35219039	2.48312424	1.99525051	2.52442885	4.04095647	2.34796988	2.47785070
1.94296929	0.67033800	3.10824458	1.71260755	0.00000000	2.72675363	0.78894045	2.62484447	1.81389970	4.07704682	3.02128860	3.68744312	3.73566991	2.52413859	2.85264183	2.64081587	3.15686323	2.55995695	1.14750280	3.84379923	2.08475256	3.36045249	3.29209442	2.12479034	3.80153679	0.73345255	3.92151638	2.44584846	2.95330938	1.69056852	1.99306971	1.74263178	2.75167352	3.01048477	0.78029645	3.77597503	2.07810088	3.77810834	2.00665070	0.60857055	2.52368607	2.69893357	2.98900101	2.96138381	2.88292038	1.60840154	3.15801232	3.61015808	3.21363841	2.69643159	3.26250500
2.09088119	3.31806132	2.14913171	1.20936366	2.72675363	0.00000000	1.95119541	4.03826036	4.15703566	1.61973443	4.13156438	2.86044901	1.71042227	4.55303261	3.42237857	4.36316458	1.09339574	4.39685937	3.64709902	1.31452276	3.18645044	2.13119150	2.45109803	3.88484964	1.15342575	2.62248259	2.25656093	0.62327008	1.37263287	1.22026124	0.88327172	1.47517965	4.23415735	4.44389394	3.09538960	2.14694971	1.47126797	1.31086682	4.38002514	2.73791394	3.78392536	2.66688299	3.10153561	4.24313187	0.15616680	2.89448197	0.96262084	1.46998925	4.16536992	1.94104842	1.66939552
1.44212954	1.37109344	2.49044672	1.06591842	0.78894045	1.95119541	0.00000000	2.72816100	2.33539664	3.29438490	3.02596743	3.13889081	2.98556490	2.90498150	2.64206390	2.88224346	2.38650651	2.85036526	1.74549796	3.05657135	1.99961770	2.70919308	2.71408945	2.35263204	3.01292217	0.82133447	3.22462977	1.65901394	2.22034941	0.91715003	1.28818093	1.03921260	2.89287309	3.14521503	1.22176130	3.07919786	1.38890261	2.99309876	2.55120413	1.02596897	2.55367417	2.27309395	2.63847330	3.03090968	2.10708560	1.53390796	2.37914175	2.84566683	3.16953394	2.07983170	2.54701900
1.96480225	2.26142673	2.69746676	3.70041514	2.62484447	4.03826036	2.72816100	0.00000000	1.49786459	4.55346683	0.49992514	2.73015555	3.88599489	0.99778441	1.08381478	0.49507160	3.67093954	0.65946839	1.87175085	4.48802933	0.85199537	3.00211683	2.61988415	0.59374644	4.63872947	1.97646764	3.63563960	3.44751303	3.22506909	2.88325469	3.80169279	2.57149014	0.19880077	0.42127005	1.87373468	3.53051254	2.59388071	4.36730055	1.57962411	3.23290158	0.28026510	1.78204538	1.60581120	0.34504359	4.15906825	1.21734923	3.78113830	3.93184095	0.75423296	2.49984920	3.30189662
2.45926191	1.19034611	3.56879859	3.39871013	1.81389970	4.15703566	2.33539664	1.49786459	0.00000000	5.13971374	1.99769865	3.85313071	4.59321443	0.82598092	2.37103467	1.19576600	4.18389690	1.03082848	0.67878131	4.98718881	1.65788849	3.88029240	3.60606766	0.92920931	5.04620100	1.54751774	4.52957981	3.68685033	3.81932157	2.94388681	3.61711620	2.77028230	1.49713691	1.70396200	1.11562743	4.39907551	2.97100877	4.88795051	0.22320657	2.33305345	1.60658204	2.76601943	2.79434564	1.80871973	4.30497513	1.51978130	4.24736109	4.55920146	2.25191039	3.23835450	4.01810183
2.70608943	4.56309951	1.93322729	2.79956908	4.07704682	1.61973443	3.29438490	4.55346683	5.13971374	0.00000000	4.46470493	2.35547757	0.73538651	5.31447133	3.63387321	4.98454030	0.95891616	5.07454387	4.77370689	0.31813202	3.76151419	1.68978222	2.13760595	4.60784490	0.61227064	3.74855184	1.30314566	1.63983945	1.34349494	2.38797527	2.48656338	2.42044163	4.74902381	4.89616200	4.22726431	1.29823537	2.17210643	0.31409652	5.35707777	4.22615080	4.27371583	2.81649080	3.15103707	4.64814698	1.50741993	3.66255810	0.92348235	0.62306418	4.40344790	2.05421377	1.26843903
2.04264265	2.71481493	2.55099098	3.93461906	3.02128860	4.13156438	3.02596743	0.49992514	1.99769865	4.46470493	0.00000000	2.45606022	3.76558715	1.44474821	0.84074267	0.91689189	3.63452143	1.10256389	2.35181946	4.43396095	1.03355653	2.83804618	2.42151323	1.08792509	4.61530538	2.33303664	3.44264887	3.51994788	3.17371129	3.04234090	3.99847644	2.70421883	0.54680033	0.50778042	2.30005064	3.35184191	2.66151489	4.30794002	2.07486318	3.62886653	0.49793681	1.64823087	1.36378020	0.24921158	4.23977620	1.49298784	3.75888269	3.84240747	0.25610754	2.42629275	3.19704422
1.74461582	3.84367373	0.73567552	3.42954186	3.68744312	2.86044901	3.13889081	2.73015555	3.85313071	2.35547757	2.45606022	0.00000000	1.62561284	3.68454580	1.65012539	3.22250191	1.87456360	3.36934743	3.79151388	2.45604050	2.19824882	0.74998442	0.44538084	3.03735151	2.73625396	3.03097358	1.09952956	2.31271905	1.49110928	2.44969982	3.27991390	2.15464435	2.89524156	2.95449440	3.37745551	1.06433062	1.82926652	2.32531216	4.02896434	4.13974321	2.47065445	1.09582886	1.12459455	2.68835604	2.88496626	2.40855154	2.03237804	1.81011121	2.31156503	1.09201094	1.25160337
2.13398057	4.14571235	1.21717880	2.73109014	3.73566991	1.71042227	2.98556490	3.88599489	4.59321443	0.73538651	3.76558715	1.62561284	0.00000000	4.69437428	2.92855985	4.33382102	0.65916437	4.43606470	4.29346087	0.84551265	3.12521759	0.95772608	1.40508650	3.98944939	1.15088780	3.30240982	0.63172735	1.45101477	0.79682629	2.07296374	2.45992288	2.00182045	4.07852277	4.21175073	3.76514924	0.58731738	1.69424679	0.72017049	4.80453785	3.98172258	3.60576246	2.12132357	2.43303968	3.95844113	1.65665347	3.08439264	0.75545865	0.25196527	3.69176844	1.39817520	0.58856961
2.61815744	1.96160735	3.55842193	3.96261949	2.52413859	4.55303261	2.90498150	0.99778441	0.82598092	5.31447133	1.44474821	3.68454580	4.69437428	0.00000000	2.06121047	0.52822390	4.38551035	0.34285484	1.46009287	5.20704624	1.57254343	3.87118897	3.52564917	0.70670355	5.31432059	2.08364821	4.51914023	4.01670411	3.97100046	3.33757676	4.13715715	3.09211052	0.89797637	1.02254169	1.75774739	4.40281053	3.21274302	5.09528360	0.77390340	3.08698078	1.22361629	2.66760434	2.56457320	1.20937712	4.69076537	1.68234464	4.47445215	4.70468617	1.69492346	3.29721296	4.10598895
1.39099206	2.73415737	1.71230771	3.40747777	2.85264183	3.42237857	2.64206390	1.08381478	2.37103467	3.63387321	0.84074267	1.65012539	2.92855985	2.06121047	0.00000000	1.57847615	2.82967852	1.73409417	2.50607559	3.61587912	0.81102419	1.99736225	1.58256619	1.47122396	3.81145397	2.11954220	2.60447851	2.80040834	2.36482442	2.43665206	3.41498872	2.07899294	1.24513631	1.31717036	2.26366992	2.51176669	1.96095758	3.48808457	2.51222765	3.43168466	0.83762235	0.82294599	0.53160163	1.05314201	3.51687399	1.25134875	2.96121442	3.01309346	0.77560650	1.61512245	2.36543939
2.33547983	2.17046740	3.16165258	3.90635160	2.64081587	4.36316458	2.88224346	0.49507160	1.19576600	4.98454030	0.91689189	3.22250191	4.33382102	0.52822390	1.57847615	0.00000000	4.08087772	0.18881074	1.71285962	4.90225164	1.22774048	3.47001510	3.09920191	0.53082997	5.03552792	2.07962945	4.10956843	3.79353614	3.64621132	3.17218162	4.04289876	2.88800151	0.37052026	0.51624737	1.86151833	4.00057224	2.95586974	4.78484324	1.21914614	3.23590072	0.75471041	2.25161082	2.09790884	0.68164066	4.49210379	1.47334660	4.18262600	4.36611612	1.16671036	2.93861933	3.74656859
1.76784860	3.61653774	1.24305739	2.07205431	3.15686323	1.09339574	2.38650651	3.67093954	4.18389690	0.95891616	3.63452143	1.87456360	0.65916437	4.38551035	2.82967852	4.08087772	0.00000000	4.15960282	3.81589607	0.82235258	2.85315900	1.12458111	1.52102215	3.68047880	0.98193852	2.79396632	1.16323280	0.79548000	0.46597274	1.46965741	1.80215616	1.46630035	3.86892503	4.03502021	3.27098893	1.05496688	1.21396268	0.71034481	4.40210467	3.36011601	3.39410048	2.00886808	2.39698810	3.79790381	1.06945375	2.71915948	0.15781885	0.46628475	3.60508531	1.21462429	0.62482292
2.40124945	2.05777388	3.27829689	3.88941844	2.55995695	4.39685937	2.85036526	0.65946839	1.03082848	5.07454387	1.10256389	3.36934743	4.43606470	0.34285484	1.73409417	0.18881074	4.15960282	0.00000000	1.58376762	4.98190741	1.31351584	3.58898569	3.22916732	0.51504240	5.10482911	2.03680470	4.23283619	3.83922934	3.73265930	3.19408104	4.04010748	2.92405537	0.55580685	0.70050310	1.77996130	4.12051438	3.01311321	4.86669104	1.03926828	3.14657166	0.89944487	2.37542144	2.24592872	0.86976530	4.52936153	1.50275601	4.25626618	4.45916001	1.35379378	3.03820187	3.84772453
2.20118228	0.51176604	3.38819201	2.79061975	1.14750280	3.64709902	1.74549796	1.87175085	0.67878131	4.77370689	2.35181946	3.79151388	4.29346087	1.46009287	2.50607559	1.71285962	3.81589607	1.58376762	0.00000000	4.59006043	1.70573089	3.68736852	3.48115449	1.28344703	4.61304125	1.03841923	4.31941475	3.23409635	3.49989173	2.46528964	3.03303369	2.35621923	1.93427182	2.17605175	0.55559149	4.18078439	2.61217394	4.50169752	0.86039264	1.65427602	1.88527628	2.69948389	2.83343951	2.21322700	3.79975581	1.38455132	3.85854303	4.22589018	2.58987811	3.01561175	3.74315418
2.58894662	4.35423214	1.95134186	2.50712617	3.84379923	1.31452276	3.05657135	4.48802933	4.98718881	0.31813202	4.43396095	2.45604050	0.84551265	5.20704624	3.61587912	4.90225164	0.82235258	4.98190741	4.59006043	0.00000000	3.67467042	1.74575305	2.18765387	4.50238424	0.32507146	3.55661205	1.46724603	1.39795746	1.26451287	2.16457794	2.18938132	2.23479535	4.68555281	4.84628858	4.03867010	1.43282164	2.01830483	0.13216125	5.20697920	3.96362571	4.21019259	2.79304846	3.15608025	4.60521681	1.19632457	3.53729551	0.74008737	0.64737136	4.39069411	2.00776798	1.27570566
1.11727017	1.92412409	1.98990271	2.90408781	2.08475256	3.18645044	1.99961770	0.85199537	1.65788849	3.76151419	1.03355653	2.19824882	3.12521759	1.57254343	0.81102419	1.22774048	2.85315900	1.31351584	1.70573089	3.67467042	0.00000000	2.30362205	1.98009167	0.87486259	3.80948511	1.36137699	2.95398210	2.59619986	2.42064751	2.04206825	2.98001948	1.72238098	1.04881846	1.26013792	1.45633787	2.83447180	1.74481547	3.55768142	1.83071640	2.68011953	0.60383080	1.12393549	1.14642752	1.08108637	3.30708976	0.48338560	2.95539533	3.14565211	1.17088935	1.72707381	2.53665249
1.49298890	3.63910157	0.31412775	2.81525985	3.36045249	2.13119150	2.70919308	3.00211683	3.88029240	1.68978222	2.83804618	0.74998442	0.95772608	3.87118897	1.99736225	3.47001510	1.12458111	3.58898569	3.68736852	1.74575305	2.30362205	0.00000000	0.44782373	3.17846819	2.00884434	2.78995715	0.65183196	1.61758840	0.75940386	1.90183638	2.62791597	1.67275211	3.18853096	3.30151019	3.20503190	0.53173715	1.32312667	1.61364409	4.07887348	3.73444140	2.72417598	1.22012663	1.48698847	3.04246607	2.14619486	2.36405139	1.28239440	1.10017314	2.74891778	0.67857538	0.50265081
1.35516970	3.49174022	0.30274433	2.98440325	3.29209442	2.45109803	2.71408945	2.61988415	3.60606766	2.13760595	2.42151323	0.44538084	1.40508650	3.52564917	1.58256619	3.09920191	1.52102215	3.22916732	3.48115449	2.18765387	1.98009167	0.44782373	0.00000000	2.84792129	2.44190971	2.66090188	1.02207932	1.88542807	1.09932920	2.00544797	2.83815546	1.71596018	2.80027600	2.89706379	3.03585163	0.93179378	1.38625362	2.05549980	3.79453213	3.72376903	2.34624229	0.85924566	1.05974913	2.63465335	2.48638947	2.11478791	1.67681767	1.54452711	2.31899442	0.64925016	0.92223671
1.91420029	1.69733868	2.86476528	3.38235273	2.12479034	3.88484964	2.35263204	0.59374644	0.92920931	4.60784490	1.08792509	3.03735151	3.98944939	0.70670355	1.47122396	0.53082997	3.68047880	0.51504240	1.28344703	4.50238424	0.87486259	3.17846819	2.84792129	0.00000000	4.61438781	1.54883521	3.82865053	3.33273125	3.26435887	2.67971957	3.52745228	2.41391449	0.65510661	0.90594488	1.35004765	3.70932664	2.51573639	4.38991207	1.04605006	2.72560041	0.67789757	1.98885831	1.93557198	0.93092939	4.01853437	0.99335543	3.77133102	3.99804084	1.33717331	2.59330912	3.40130217
2.70357973	4.34486200	2.18832033	2.36278911	3.80153679	1.15342575	3.01292217	4.63872947	5.04620100	0.61227064	4.61530538	2.73625396	1.15088780	5.31432059	3.81145397	5.03552792	0.98193852	5.10482911	4.61304125	0.32507146	3.80948511	2.00884434	2.44190971	4.61438781	0.00000000	3.57478600	1.77956927	1.38065970	1.44678330	2.15501643	2.03604003	2.27637624	4.83726495	5.00964048	4.05808650	1.73601840	2.10282845	0.43408852	5.26798798	3.87196095	4.36386869	2.99010875	3.37212331	4.77551781	1.01452421	3.63419401	0.85859836	0.93109389	4.58692942	2.19633198	1.52018287
1.30971884	0.85254551	2.51229090	1.88222821	0.73345255	2.62248259	0.82133447	1.97646764	1.54751774	3.74855184	2.33303664	3.03097358	3.30240982	2.08364821	2.11954220	2.07962945	2.79396632	2.03680470	1.03841923	3.55661205	1.36137699	2.78995715	2.66090188	1.54883521	3.57478600	0.00000000	3.39315747	2.19568071	2.50558381	1.42808390	2.07776101	1.32817670	2.12535492	2.38271420	0.48333900	3.25005201	1.60850544	3.47109692	1.76859033	1.31922057	1.84035292	2.00050256	2.26635687	2.29965883	2.77324693	0.88026093	2.82914061	3.21693135	2.51048210	2.11192632	2.77532755
2.11845847	4.24554157	0.96587221	3.15654679	3.92151638	2.25656093	3.22462977	3.63563960	4.52957981	1.30314566	3.44264887	1.09952956	0.63172735	4.51914023	2.60447851	4.10956843	1.16323280	4.23283619	4.31941475	1.46724603	2.95398210	0.65183196	1.02207932	3.82865053	1.77956927	3.39315747	0.00000000	1.87978793	1.04095957	2.35402982	2.91915093	2.19004193	3.81858674	3.91904664	3.82425511	0.14569596	1.84567545	1.34635537	4.72933288	4.24737074	3.35970671	1.85821471	2.07935470	3.65673266	2.22570713	3.01158552	1.29905432	0.87378646	3.33306360	1.30442525	0.69045936
1.48681144	2.96733566	1.58322249	1.28571378	2.44584846	0.62327008	1.65901394	3.44751303	3.68685033	1.63983945	3.51994788	2.31271905	1.45101477	4.01670411	2.80040834	3.79353614	0.79548000	3.83922934	3.23409635	1.39795746	2.59619986	1.61758840	1.88542807	3.33273125	1.38065970	2.19568071	1.87978793	0.00000000	0.87466032	0.77499719	1.03985038	0.92720399	3.64491628	3.84719372	2.67875109	1.75015670	0.85941291	1.33511013	3.90968721	2.59158781	3.18733245	2.04461432	2.48027265	3.63935091	0.72004331	2.33950380	0.74479619	1.25839116	3.54713933	1.33453412	1.21669927
1.36818091	3.34947515	0.80592843	2.12585165	2.95330938	1.37263287	2.22034941	3.22506909	3.81932157	1.34349494	3.17371129	1.49110928	0.79682629	3.97100046	2.36482442	3.64621132	0.46597274	3.73265930	3.49989173	1.26451287	2.42064751	0.75940386	1.09932920	3.26435887	1.44678330	2.50558381	1.04095957	0.87466032	0.00000000	1.32535221	1.90737306	1.21233333	3.42223146	3.58180179	2.96908618	0.90177441	0.89758425	1.14234655	4.03370145	3.23319654	2.94669581	1.54334479	1.93189953	3.34145688	1.39394798	2.32540551	0.60695021	0.74088500	3.14038049	0.74980803	0.35288987
1.04646308	2.19283460	1.73799221	1.01792060	1.69056852	1.22026124	0.91715003	2.88325469	2.94388681	2.38797527	3.04234090	2.44969982	2.07296374	3.33757676	2.43665206	3.17218162	1.46965741	3.19408104	2.46528964	2.16457794	2.04206825	1.90183638	2.00544797	2.67971957	2.15501643	1.42808390	2.35402982	0.77499719	1.32535221	0.00000000	0.97870833	0.36069222	3.07424196	3.29912118	1.90971848	2.21040646	0.62274652	2.09246222	3.16708728	1.91133800	2.64588449	1.82206498	2.25073827	3.12089745	1.36417989	1.69889569	1.46753225	1.92859955	3.11730446	1.35805016	1.66574130
2.02516908	2.63550562	2.54471118	0.33053816	1.99306971	0.88327172	1.28818093	3.80169279	3.61711620	2.48656338	3.99847644	3.27991390	2.45992288	4.13715715	3.41498872	4.04289876	1.80215616	4.04010748	3.03303369	2.18938132	2.98001948	2.62791597	2.83815546	3.52745228	2.03604003	2.07776101	2.91915093	1.03985038	1.90737306	0.97870833	0.00000000	1.33839902	3.98607293	4.22204899	2.50765964	2.79000635	1.53755993	2.17360549	3.83498264	1.90128576	3.58016121	2.78426918	3.21835342	4.06066235	1.02344967	2.58949329	1.71250761	2.24328723	4.08555565	2.22101993	2.25431945
0.68800577	2.15360819	1.46962523	1.37075754	1.74263178	1.47517965	1.03921260	2.57149014	2.77028230	2.42044163	2.70421883	2.15464435	2.00182045	3.09211052	2.07899294	2.88800151	1.46630035	2.92405537	2.35621923	2.23479535	1.72238098	1.67275211	1.71596018	2.41391449	2.27637624	1.32817670	2.19004193	0.92720399	1.21233333	0.36069222	1.33839902	0.00000000	2.76567335	2.98251890	1.80725432	2.04438368	0.35002440	2.14548599	2.99239180	2.06513548	2.32473866	1.46580736	1.89191132	2.79398735	1.60540195	1.42134000	1.50246494	1.89701308	2.76975464	1.06822582	1.52122400
2.16303122	2.35148540	2.88569303	3.87811639	2.75167352	4.23415735	2.89287309	0.19880077	1.49713691	4.74902381	0.54680033	2.89524156	4.07852277	0.89797637	1.24513631	0.37052026	3.86892503	0.55580685	1.93427182	4.68555281	1.04881846	3.18853096	2.80027600	0.65510661	4.83726495	2.12535492	3.81858674	3.64491628	3.42223146	3.07424196	3.98607293	2.76567335	0.00000000	0.25899151	1.98770419	3.71554793	2.79195500	4.56454446	1.55137220	3.35762416	0.47562351	1.96927310	1.77348384	0.31909894	4.35570611	1.39759217	3.97956806	4.12706183	0.79846743	2.69499682	3.49540952
2.36084245	2.60316567	3.00576023	4.12164554	3.01048477	4.44389394	3.14521503	0.42127005	1.70396200	4.89616200	0.50778042	2.95449440	4.21175073	1.02254169	1.31717036	0.51624737	4.03502021	0.70050310	2.17605175	4.84628858	1.26013792	3.30151019	2.89706379	0.90594488	5.00964048	2.38271420	3.91904664	3.84719372	3.58180179	3.29912118	4.22204899	2.98251890	0.25899151	0.00000000	2.24538643	3.82260528	2.99004796	4.72309068	1.73525775	3.61621708	0.66010543	2.09132038	1.84803581	0.26614986	4.56192725	1.63861274	4.15104486	4.27314298	0.72079694	2.84399834	3.63417960
1.71210233	0.47849397	2.91522588	2.28331633	0.78029645	3.09538960	1.22176130	1.87373468	1.11562743	4.22726431	2.30005064	3.37745551	3.76514924	1.75774739	2.26366992	1.86151833	3.27098893	1.77996130	0.55559149	4.03867010	1.45633787	3.20503190	3.03585163	1.35004765	4.05808650	0.48333900	3.82425511	2.67875109	2.96908618	1.90971848	2.50765964	1.80725432	1.98770419	2.24538643	0.00000000	3.68309665	2.07532534	3.95204104	1.32974681	1.37583851	1.80412176	2.30594009	2.50633141	2.21587729	3.24741899	1.03284037	3.30948453	3.68813527	2.51074179	2.52744722	3.22600952
1.97960272	4.10253570	0.84463785	3.02252104	3.77597503	2.14694971	3.07919786	3.53051254	4.39907551	1.29823537	3.35184191	1.06433062	0.58731738	4.40281053	2.51176669	4.00057224	1.05496688	4.12051438	4.18078439	1.43282164	2.83447180	0.53173715	0.93179378	3.70932664	1.73601840	3.25005201	0.14569596	1.75015670	0.90177441	2.21040646	2.79000635	2.04438368	3.71554793	3.82260528	3.68309665	0.00000000	1.69998618	1.30713438	4.60025198	4.10216713	3.25326779	1.74944350	1.99144652	3.56172759	2.12310917	2.88002127	1.19717967	0.81185036	3.25042442	1.16771967	0.54961670
0.62941558	2.45202754	1.12831368	1.62846648	2.07810088	1.47126797	1.38890261	2.59388071	2.97100877	2.17210643	2.66151489	1.82926652	1.69424679	3.21274302	1.96095758	2.95586974	1.21396268	3.01311321	2.61217394	2.01830483	1.74481547	1.32312667	1.38625362	2.51573639	2.10282845	1.60850544	1.84567545	0.85941291	0.89758425	0.62274652	1.53755993	0.35002440	2.79195500	2.99004796	2.07532534	1.69998618	0.00000000	1.91709568	3.18994557	2.41487147	2.33073091	1.25660734	1.69503878	2.78015414	1.57854129	1.53149365	1.27828772	1.61381861	2.69502830	0.73730736	1.18628048
2.47803571	4.27646446	1.81991334	2.48574654	3.77810834	1.31086682	2.99309876	4.36730055	4.88795051	0.31409652	4.30794002	2.32531216	0.72017049	5.09528360	3.48808457	4.78484324	0.71034481	4.86669104	4.50169752	0.13216125	3.55768142	1.61364409	2.05549980	4.38991207	0.43408852	3.47109692	1.34635537	1.33511013	1.14234655	2.09246222	2.17360549	2.14548599	4.56454446	4.72309068	3.95204104	1.30713438	1.91709568	0.00000000	5.10703851	3.91625870	4.08902768	2.66545394	3.02600290	4.48090917	1.20405422	3.42934498	0.64350082	0.51582470	4.26257645	1.88228993	1.14417261
2.67081311	1.36528128	3.76639944	3.61276150	2.00665070	4.38002514	2.55120413	1.57962411	0.22320657	5.35707777	2.07486318	4.02896434	4.80453785	0.77390340	2.51222765	1.21914614	4.40210467	1.03926828	0.86039264	5.20697920	1.83071640	4.07887348	3.79453213	1.04605006	5.26798798	1.76859033	4.72933288	3.90968721	4.03370145	3.16708728	3.83498264	2.99239180	1.55137220	1.73525775	1.32974681	4.60025198	3.18994557	5.10703851	0.00000000	2.50610553	1.71983453	2.94819083	2.95467268	1.86922167	4.52806298	1.72486087	4.46701374	4.77405815	2.33089139	3.44292812	4.22738273
2.40868548	1.14291645	3.51020031	1.57884518	0.60857055	2.73791394	1.02596897	3.23290158	2.33305345	4.22615080	3.62886653	4.13974321	3.98172258	3.08698078	3.43168466	3.23590072	3.36011601	3.14657166	1.65427602	3.96362571	2.68011953	3.73444140	3.72376903	2.72560041	3.87196095	1.31922057	4.24737074	2.59158781	3.23319654	1.91133800	1.90128576	2.06513548	3.35762416	3.61621708	1.37583851	4.10216713	2.41487147	3.91625870	2.50610553	0.00000000	3.13148781	3.20878651	3.53003142	3.56986997	2.89038629	2.19947499	3.33327919	3.82518821	3.81871622	3.09797882	3.56609297
1.70136506	2.22617773	2.41863593	3.49465272	2.52368607	3.78392536	2.55367417	0.28026510	1.60658204	4.27371583	0.49793681	2.47065445	3.60576246	1.22361629	0.83762235	0.75471041	3.39410048	0.89944487	1.88527628	4.21019259	0.60383080	2.72417598	2.34624229	0.67789757	4.36386869	1.84035292	3.35970671	3.18733245	2.94669581	2.64588449	3.58016121	2.32473866	0.47562351	0.66010543	1.80412176	3.25326779	2.33073091	4.08902768	1.71983453	3.13148781	0.00000000	1.50408000	1.34668370	0.48249864	3.90182776	1.02176969	3.50580250	3.65193343	0.71139596	2.21988984	3.02163617
0.83829823	2.77935839	0.91667908	2.83655747	2.69893357	2.66688299	2.27309395	1.78204538	2.76601943	2.81649080	1.64823087	1.09582886	2.12132357	2.66760434	0.82294599	2.25161082	2.00886808	2.37542144	2.69948389	2.79304846	1.12393549	1.22012663	0.85924566	1.98885831	2.99010875	2.00050256	1.85821471	2.04461432	1.54334479	1.82206498	2.78426918	1.46580736	1.96927310	2.09132038	2.30594009	1.74944350	1.25660734	2.66545394	2.94819083	3.20878651	1.50408000	0.00000000	0.43928924	1.83711802	2.74832040	1.31506583	2.14296033	2.19435246	1.59830685	0.79467948	1.54892720
1.23666523	2.98482398	1.21803771	3.26079130	2.98900101	3.10153561	2.63847330	1.60581120	2.79434564	3.15103707	1.36378020	1.12459455	2.43303968	2.56457320	0.53160163	2.09790884	2.39698810	2.24592872	2.83343951	3.15608025	1.14642752	1.48698847	1.05974913	1.93557198	3.37212331	2.26635687	2.07935470	2.48027265	1.93189953	2.25073827	3.21835342	1.89191132	1.77348384	1.84803581	2.50633141	1.99144652	1.69503878	3.02600290	2.95467268	3.53003142	1.34668370	0.43928924	0.00000000	1.58328669	3.17958162	1.47578889	2.53787876	2.53596744	1.26196228	1.19732688	1.88750609
2.15332127	2.60646682	2.74909270	3.97714196	2.96138381	4.24313187	3.03090968	0.34504359	1.80871973	4.64814698	0.24921158	2.68835604	3.95844113	1.20937712	1.05314201	0.68164066	3.79790381	0.86976530	2.21322700	4.60521681	1.08108637	3.04246607	2.63465335	0.93092939	4.77551781	2.29965883	3.65673266	3.63935091	3.34145688	3.12089745	4.06066235	2.79398735	0.31909894	0.26614986	2.21587729	3.56172759	2.78015414	4.48090917	1.86922167	3.56986997	0.48249864	1.83711802	1.58328669	0.00000000	4.35707040	1.50219018	3.91721056	4.02511189	0.48707606	2.59935040	3.38358189
2.20376471	3.47341986	2.18649733	1.35219039	2.88292038	0.15616680	2.10708560	4.15906825	4.30497513	1.50741993	4.23977620	2.88496626	1.65665347	4.69076537	3.51687399	4.49210379	1.06945375	4.52936153	3.79975581	1.19632457	3.30708976	2.14619486	2.48638947	4.01853437	1.01452421	2.77324693	2.22570713	0.72004331	1.39394798	1.36417989	1.02344967	1.60540195	4.35570611	4.56192725	3.24741899	2.12310917	1.57854129	1.20405422	4.52806298	2.89038629	3.90182776	2.74832040	3.17958162	4.35707040	0.00000000	3.02660563	0.92682273	1.41023606	4.26656953	2.00443284	1.66960028
0.95729123	1.51086100	2.05445847	2.48312424	1.60840154	2.89448197	1.53390796	1.21734923	1.51978130	3.66255810	1.49298784	2.40855154	3.08439264	1.68234464	1.25134875	1.47334660	2.71915948	1.50275601	1.38455132	3.53729551	0.48338560	2.36405139	2.11478791	0.99335543	3.63419401	0.88026093	3.01158552	2.33950380	2.32540551	1.69889569	2.58949329	1.42134000	1.39759217	1.63861274	1.03284037	2.88002127	1.53149365	3.42934498	1.72486087	2.19947499	1.02176969	1.31506583	1.47578889	1.50219018	3.02660563	0.00000000	2.80051183	3.06591015	1.64840200	1.71868398	2.50416953
1.85721471	3.63986527	1.39631756	1.99525051	3.15801232	0.96262084	2.37914175	3.78113830	4.24736109	0.92348235	3.75888269	2.03237804	0.75545865	4.47445215	2.96121442	4.18262600	0.15781885	4.25626618	3.85854303	0.74008737	2.95539533	1.28239440	1.67681767	3.77133102	0.85859836	2.82914061	1.29905432	0.74479619	0.60695021	1.46753225	1.71250761	1.50246494	3.97956806	4.15104486	3.30948453	1.19717967	1.27828772	0.64350082	4.46701374	3.33327919	3.50580250	2.14296033	2.53787876	3.91721056	0.92682273	2.80051183	0.00000000	0.53078488	3.73586612	1.34841119	0.78244920
2.10884288	4.05043464	1.32089658	2.52442885	3.61015808	1.46998925	2.84566683	3.93184095	4.55920146	0.62306418	3.84240747	1.81011121	0.25196527	4.70468617	3.01309346	4.36611612	0.46628475	4.45916001	4.22589018	0.64737136	3.14565211	1.10017314	1.54452711	3.99804084	0.93109389	3.21693135	0.87378646	1.25839116	0.74088500	1.92859955	2.24328723	1.89701308	4.12706183	4.27314298	3.68813527	0.81185036	1.61381861	0.51582470	4.77405815	3.82518821	3.65193343	2.19435246	2.53596744	4.02511189	1.41023606	3.06591015	0.53078488	0.00000000	3.78416247	1.43206653	0.64886946
2.09203062	2.93741432	2.47472423	4.04095647	3.21363841	4.16536992	3.16953394	0.75423296	2.25191039	4.40344790	0.25610754	2.31156503	3.69176844	1.69492346	0.77560650	1.16671036	3.60508531	1.35379378	2.58987811	4.39069411	1.17088935	2.74891778	2.31899442	1.33717331	4.58692942	2.51048210	3.33306360	3.54713933	3.14038049	3.11730446	4.08555565	2.76975464	0.79846743	0.72079694	2.51074179	3.25042442	2.69502830	4.26257645	2.33089139	3.81871622	0.71139596	1.59830685	1.26196228	0.48707606	4.26656953	1.64840200	3.73586612	3.78416247	0.00000000	2.39062836	3.13563190
0.81625852	2.96057646	0.41315837	2.34796988	2.69643159	1.94104842	2.07983170	2.49984920	3.23835450	2.05421377	2.42629275	1.09201094	1.39817520	3.29721296	1.61512245	2.93861933	1.21462429	3.03820187	3.01561175	2.00776798	1.72707381	0.67857538	0.64925016	2.59330912	2.19633198	2.11192632	1.30442525	1.33453412	0.74980803	1.35805016	2.22101993	1.06822582	2.69499682	2.84399834	2.52744722	1.16771967	0.73730736	1.88228993	3.44292812	3.09797882	2.21988984	0.79467948	1.19732688	2.59935040	2.00443284	1.71868398	1.34841119	1.43206653	2.39062836	0.00000000	0.80964241
1.56096027	3.62585249	0.67579788	2.47785070	3.26250500	1.66939552	2.54701900	3.30189662	4.01810183	1.26843903	3.19704422	1.25160337	0.58856961	4.10598895	2.36543939	3.74656859	0.62482292	3.84772453	3.74315418	1.27570566	2.53665249	0.50265081	0.92223671	3.40130217	1.52018287	2.77532755	0.69045936	1.21669927	0.35288987	1.66574130	2.25431945	1.52122400	3.49540952	3.63417960	3.22600952	0.54961670	1.18628048	1.14417261	4.22738273	3.56609297	3.02163617	1.54892720	1.88750609	3.38358189	1.66960028	2.50416953	0.78244920	0.64886946	3.13563190	0.80964241	0.00000000

EDGE_KM_T
0.00000000	2.83665471	1.57887092	2.12743854	2.74336883	2.92577858	1.94302923	2.77650791	2.67072612	3.36619235	2.82727875	2.46520138	2.33086018	3.44631648	1.70395190	3.24127201	2.29766245	3.27441832	2.56070080	3.39462838	1.57233544	1.87157508	1.88529314	2.54619780	3.68583723	1.77497752	2.49862366	2.09906918	1.64003463	1.24192543	2.40121982	0.84058788	3.05566086	3.33774115	2.15992213	2.30104765	0.89011255	3.21067332	2.96657348	3.38040350	2.40600790	1.05420835	1.38462621	3.03008436	3.10246753	1.15846852	2.48183809	2.51075329	2.80049511	0.99801494	1.59719931
2.83644817	0.00000000	4.41520774	3.22803457	0.94337812	4.02645959	1.72075505	2.72424146	1.56959341	4.65713059	3.42938980	5.30136793	4.75347812	2.34498749	3.81919661	2.20061995	3.82207567	2.17305583	0.66912710	4.49546765	2.67991065	4.70791683	4.72155793	1.91675506	4.78659954	1.06161886	5.33497121	3.19988492	3.86321200	2.34276189	3.50182836	2.34660943	2.69062337	2.92430495	0.67665285	5.13741175	2.83907484	4.31153840	1.86541867	1.52216765	2.86510622	3.89046654	4.22078249	3.14115736	4.20314329	2.13583999	3.69612186	4.44604397	3.79056818	3.83441338	4.36031640
1.57893373	4.41570497	0.00000000	3.51897831	4.32247615	2.28291901	3.52213501	3.41977143	3.80672566	2.72321146	3.47059303	0.88642652	1.68780331	4.08954159	2.34721692	3.88453158	1.65466589	3.91766233	4.13968760	2.75167954	2.21551514	0.33418312	0.30646286	3.18939165	3.04293180	3.35399486	1.00989296	1.70086316	0.99699115	2.38389150	3.14008549	2.06902012	3.69894087	3.98105579	3.73892739	0.95147598	1.57647227	2.56770992	3.91683731	4.95959245	3.04925600	1.18549541	1.71162871	3.67339290	2.45961093	2.27945668	1.83886234	1.86772914	3.44383184	0.58089074	0.95411959
2.12746160	3.22832522	3.51867083	0.00000000	2.28484111	1.51252933	1.50746704	4.90398460	4.79819022	3.76028435	4.95475972	4.40500940	3.85677297	5.57378993	3.83142871	5.36874836	2.92525853	5.40189337	3.89757015	3.31135088	3.69980506	3.81137475	3.82509649	4.67366861	2.95579037	2.65687848	4.43842307	1.81800168	2.96648198	1.13496263	0.37888636	1.44979000	5.18313895	5.46522216	3.22173015	4.24084626	1.94231063	3.34422161	5.09403864	1.70589999	4.53348329	2.99401200	3.32443472	5.15756485	1.64503132	3.28593272	2.79926606	3.54927807	4.92797798	2.93781192	3.46365370
2.74314215	0.94340476	4.32193104	2.28470287	0.00000000	3.08310551	0.80033759	2.63101894	2.51306644	4.56377614	3.33619097	5.20813607	4.66015913	3.28851221	3.72597479	3.08342273	3.72872853	3.11658937	1.61256148	4.11488722	2.58664900	4.61463884	4.62830020	2.38843435	3.84322405	0.96827382	5.24169169	2.62155648	3.76988676	1.93850119	2.55849336	2.25326172	2.89778491	3.17981998	0.93674715	5.04412787	2.74574100	4.14773771	2.80889752	0.63692809	2.77187650	3.79721055	4.12755333	3.04795585	3.25979059	2.04254832	3.60276501	4.35270972	3.69737982	3.74112046	4.26700808
2.92603167	4.02677411	2.28295483	1.51257919	3.08323065	0.00000000	2.30585818	5.70274069	5.59679121	2.24788119	5.75356860	2.89287937	2.34444882	6.37250608	4.63018637	6.16750035	1.41287168	6.20062917	4.69608502	1.79891439	4.49847398	2.29914193	2.58193930	5.47235225	1.44330874	3.45536159	2.92618685	0.82679486	1.45414391	1.68395175	1.13368550	2.08534335	5.98191218	6.26403141	4.02022582	2.72860033	2.03585213	1.83180026	5.89265259	2.95319112	5.33222335	3.46845576	3.99459620	5.95636776	0.17669229	4.08453476	1.28685755	2.03691989	5.72681020	2.34596513	1.95135332
1.94292676	1.72082042	3.52176027	1.50739838	0.80033868	2.30576697	0.00000000	3.39627894	3.29058598	3.76348705	3.44701956	4.40803352	3.85992401	4.06611039	2.92588752	3.86104539	2.92845058	3.89420098	2.39002220	3.31457538	2.19215640	3.81446609	3.82815830	3.16601033	3.06585293	1.14935130	4.44151662	1.82123520	2.96964213	1.13818821	1.78118386	1.45298289	3.67542208	3.95748175	1.71419476	4.24394617	1.94548330	3.34743621	3.58642591	1.43732475	3.02578811	2.99707128	3.32745490	3.64982858	2.48245415	1.77832778	2.80247227	3.55245136	3.42022255	2.94092500	3.46678920
2.77627533	2.72438100	3.41950447	4.90335885	2.63102090	5.70176123	3.39603164	0.00000000	2.11573811	6.14233276	0.70517232	2.87505686	5.10709938	1.24195649	1.09495586	0.52362337	5.07382325	0.78858124	2.44850958	6.17072712	1.20406348	3.75368118	3.12061853	0.80751932	6.46187952	2.24674267	4.42938351	4.87515066	4.41625642	4.01802211	5.17714930	3.61674707	0.27913152	0.56116679	2.04770690	4.37094504	3.66631040	5.98679099	2.22587844	3.26794943	0.37047996	2.23411109	1.70811005	0.41693716	5.87844633	1.61784677	5.25797181	5.28694995	1.06636130	3.35640989	4.37346824
2.67066055	1.56953012	3.80661962	4.79749696	2.51288354	5.59594273	3.29026114	2.11560312	0.00000000	6.03662407	2.82072950	4.69273824	5.00145946	0.87368140	3.21055761	1.59198332	4.96812874	1.32703954	0.90043048	6.06498943	2.07130858	4.09932991	4.11295222	1.30814686	6.35610253	2.14105222	4.72638570	4.76940095	4.31060437	3.91228297	5.07129380	3.51105145	2.08197789	2.31564450	1.57622820	4.52883029	3.56064169	5.88106647	0.29581987	3.09163774	2.25647454	3.28185922	3.61215029	2.53249954	5.77262514	1.52726575	5.15225846	5.18128041	3.18189816	3.25082050	4.26784900
3.36643451	4.65718299	2.72343365	3.76066510	4.56403031	2.24802792	3.76368711	6.14335988	6.03723002	0.00000000	6.19424917	3.26823033	1.03550949	6.81307881	5.07080738	6.60811476	1.06856648	6.64122475	5.13642368	0.44900555	4.93899179	2.38924682	3.02246726	5.91288716	0.80466372	3.89566331	1.71353262	1.94238462	1.72630379	2.62539737	3.38176287	2.52563817	6.42255131	6.70471242	4.46054215	1.77193714	2.47618291	0.41610208	6.33310648	5.20125549	5.77282389	3.90898823	4.43519821	6.39704139	2.11553261	4.52497478	0.96102986	0.85554003	6.16751793	2.78640190	1.76922371
2.82704785	3.42965530	3.47025848	4.95421181	3.33631202	5.75260006	3.44685485	0.70518727	2.82096932	6.19313585	0.00000000	2.92578257	5.15788009	1.94715508	1.12327734	1.22881181	5.12462172	1.49377426	3.15376519	6.22153965	1.25480799	3.80443601	3.17136057	1.51272712	6.51270484	2.36801120	4.48013930	4.92596710	4.46704107	4.06883511	5.22800018	3.66754590	0.73879272	0.51046204	2.75296795	4.42170359	3.71710047	6.03759923	2.93110598	3.97326460	0.56433434	2.28485203	1.75883405	0.28823684	5.92928603	1.66861023	5.30877641	5.33774029	0.36119560	3.40717415	4.42424221
2.46538468	5.30217383	0.88644129	4.40547123	5.20895379	2.89289064	4.40861241	2.87510595	4.69317203	3.26792040	2.92593535	0.00000000	2.23250057	3.81911868	1.80255167	3.33986549	2.19937242	3.37299385	5.02614671	3.29639341	2.62164404	0.87886687	0.57997218	3.38475823	3.58765235	4.24045867	1.55457722	2.58733703	1.54169047	3.27036358	4.02657733	2.95548480	3.15427793	3.43639817	4.62538934	1.49616167	2.46293238	3.11242155	4.80328177	5.84608264	2.50458815	1.41105268	1.16696104	3.12873434	3.00433898	3.16590290	2.38357208	2.41243143	2.89917762	1.46733737	1.49881333
2.33091329	4.75380504	1.68788589	3.85722104	4.66062825	2.34460411	3.86028570	5.10776311	5.00169624	1.03547740	5.15863097	2.23264200	0.00000000	5.77749826	4.03520997	5.57251966	0.93162461	5.60563622	4.47772984	1.06397469	3.90343042	1.35370024	1.98690235	4.87731982	1.35526653	3.69206494	0.67798742	2.03899291	0.89031545	2.72201060	3.47832179	2.40709540	5.38694758	5.66909406	4.07698646	0.73639589	1.91452044	0.87999181	5.29756743	5.29781895	4.73723363	2.87342174	3.39960744	5.36142561	2.21210755	3.48944057	1.05765513	0.30755468	5.13189024	1.75086883	0.73370456
3.44601293	2.34488767	4.08929614	5.57286143	3.28824361	6.37130508	4.06562114	1.24192342	0.87368630	6.81198105	1.94705205	3.81905766	5.77681307	0.00000000	2.33687799	0.71830345	5.74348503	0.45335899	1.67578522	6.84034783	1.87388291	4.42347046	3.79044519	0.90005112	7.13146285	2.91640830	5.09916998	5.54475993	5.08595858	4.68764144	5.84665796	4.28640779	1.20829893	1.44196707	2.35158375	5.04072347	4.33599672	6.65642422	0.98383736	3.86700142	1.38279417	2.90394095	2.73846996	1.65882184	6.54798762	2.28761084	5.92761566	5.95663547	2.30822171	4.02617165	5.04320161
1.70389337	3.81962655	2.34706121	3.83124330	3.72632215	4.62959890	2.92598305	1.09495732	3.21084096	5.07005204	1.12331088	1.80251988	4.03474453	2.33695129	0.00000000	1.61858455	4.00152724	1.88355760	3.54369323	5.09847768	1.13940952	2.68124064	2.04813563	1.90254463	5.38967244	2.75796004	3.35694616	3.80291417	3.34391463	2.94577421	4.10502687	2.54445227	1.35170411	1.63377316	3.14290857	3.29851681	2.59398658	4.91452734	3.32096912	4.36333033	0.95411489	1.16162455	0.63556741	1.32611835	4.80628689	1.68357332	4.18569611	4.21462702	1.09651996	2.28400056	3.30109108
3.24096672	2.20062792	3.88422381	5.36792874	3.08326958	6.16635246	3.86064647	0.52362162	1.59205012	6.60697798	1.22877135	3.33981895	5.57177841	0.71831778	1.61857680	0.00000000	5.53847544	0.26495094	1.92478475	6.63535808	1.66879717	4.21839929	3.58535596	0.69495951	6.92649115	2.71139686	4.89410017	5.33977571	4.88092949	4.48265236	5.64172233	4.08139872	0.49000398	0.72368651	2.14656728	4.83565754	4.13097528	6.45142843	1.70219600	3.66206133	0.83524410	2.69885018	2.17287472	0.94053875	6.34303623	2.08255185	5.72261473	5.75161442	1.58995034	3.82111377	4.83815744
2.29779260	3.82216809	1.65473794	2.92551616	3.72896653	1.41292004	2.92862464	5.07456478	4.96856264	1.06855305	5.12541061	2.19945236	0.93159844	5.74431661	4.00201099	5.53932304	0.00000000	5.57244636	4.06782721	1.09703643	3.87026847	1.32055349	1.95373675	4.84415173	1.38830943	2.82709300	1.51336631	1.10734183	0.65769714	1.79036459	2.54661997	1.47547025	5.35374209	5.63587354	3.39196149	1.31577650	1.40759202	0.91305987	5.26442842	4.36612180	4.70404199	2.84025453	3.36641528	5.32820774	1.28042219	3.45630654	0.18420640	0.62405796	5.09866014	1.71773596	0.70058601
3.27411880	2.17302634	3.91738433	5.40104417	3.11639836	6.19947432	3.89377546	0.78856993	1.32708178	6.64011613	1.49371285	3.37299236	5.60492677	0.45336431	1.88352492	0.26494885	5.57161570	0.00000000	1.65980529	6.66849193	1.70196201	4.25155943	3.61852193	0.72812625	6.95961918	2.74453772	4.92725987	5.37290778	4.91407605	4.51578600	5.67483871	4.11453881	0.75495008	0.98862797	2.17970976	4.86881599	4.16411936	6.48456423	1.43722933	3.69517916	0.92943634	2.73201664	2.28511247	1.20548102	6.37615770	2.11570806	5.75575220	5.78475838	1.85488883	3.85426962	4.87130886
2.56059732	0.66911586	4.13934577	3.89712272	1.61248387	4.69555623	2.38986108	2.44835894	0.90045165	5.13620655	3.15349830	5.02548896	4.47763219	1.67582612	3.54331382	1.92473814	4.06770721	1.65979038	0.00000000	5.16458010	2.40404298	4.43205536	4.44568877	1.64088488	5.45570430	1.24062955	5.05911031	3.86899502	3.58736844	3.01187405	4.17091775	2.61063024	2.41473793	2.64841339	0.67580244	4.86155251	2.66021288	4.98065342	1.19627470	2.19125895	2.58922643	3.61459672	3.94490248	2.86526687	4.87223940	1.85998370	4.25184225	4.28085183	3.51467270	3.55855757	4.08446642
3.39491965	4.49554320	2.75190690	3.31163359	4.11501761	1.79900548	3.31467470	6.17181118	6.06570953	0.44899949	6.22269086	3.29668541	1.06399988	6.84153737	5.09925839	6.63656680	1.09706827	6.66967974	5.16491885	0.00000000	4.96745894	2.41772060	3.05093283	5.94135164	0.35564995	3.92416426	1.74200701	1.49337655	1.75479672	2.17639152	2.93273269	2.55414020	6.45099949	6.73315404	4.48904081	1.80041330	2.50467931	0.18398628	6.36158363	4.75222735	5.80127810	3.93745309	4.46365219	6.42548417	1.66650961	4.55345410	0.91284799	0.88403660	6.19595537	2.81488173	1.79770977
1.57226148	2.68012105	2.21545782	3.69948755	2.58679076	4.49786490	2.19210762	1.20410724	2.07140180	4.93837308	1.25483860	2.62152075	3.90310004	1.87394571	1.13937081	1.66887442	3.86985539	1.70203284	2.40421651	4.96678418	0.00000000	2.54963599	2.04165563	0.97385135	5.25795924	1.61846946	3.22534002	3.67121465	3.21226406	2.81407999	3.97327432	2.41277986	1.48324737	1.76530072	2.00342347	3.16690643	2.46232766	4.78284045	2.18153562	3.22376191	0.83361923	1.21056794	1.54094107	1.45764867	4.67455155	0.54413462	4.05401482	4.08296768	1.22803749	2.15238139	3.16945696
1.87165204	4.70845614	0.33418390	3.81177363	4.61524343	2.29918688	3.81490185	3.75398807	4.09943558	2.38907454	3.80482398	0.87887955	1.35364497	4.42374740	2.68143399	4.21874710	1.32052455	4.25187346	4.43242088	2.41755166	2.54970814	0.00000000	0.63317478	3.52358863	2.70881617	3.64673675	0.67571077	1.99362352	0.84501398	2.67664857	3.43287882	2.36176362	4.03316216	4.31528685	4.03166588	0.61729642	1.86920738	2.23357794	4.20954371	5.25238275	3.38346829	1.51969183	2.04584134	4.00762224	2.16668845	2.57216632	1.50472688	1.53358002	3.77806913	0.87360113	0.61995479
1.88539694	4.72216857	0.30646300	3.82544243	4.62893995	2.58189952	3.82859880	3.12079227	4.11318877	3.02219157	3.17161404	0.57996384	1.98678317	3.79056231	2.04823777	3.58555241	1.95364594	3.61868311	4.44615099	3.05065975	2.04167060	0.63316267	0.00000000	2.89041226	3.34191216	3.66045835	1.30887253	2.00732687	1.29597105	2.69035518	3.44654959	2.37548363	3.39996177	3.68207681	4.04539085	1.25045558	1.88293568	2.86669009	4.22330038	5.26605652	2.75027679	0.88651602	1.41264950	3.37441389	2.75859145	2.58591979	2.13784247	2.16670910	3.14485293	0.88735385	1.25309936
2.54602743	1.91680301	3.18927290	4.67303999	2.38836242	5.47145483	3.16573903	0.80750121	1.30819813	5.91205789	1.51266033	3.38462343	4.87684427	0.90006991	1.90245667	0.69497167	4.84355246	0.72814226	1.64094809	5.94044393	0.97384029	3.52344888	2.89039752	0.00000000	6.23158504	2.01647305	4.19915037	4.64486402	4.18599782	3.78773850	4.94683228	3.38647596	0.77388662	1.00757556	1.45164123	4.14070947	3.43604702	5.75651158	1.41834170	2.96716929	0.94836269	2.00389105	2.30403921	1.22442667	5.64813916	1.38760687	5.02769560	5.05668632	1.87384348	3.12616929	4.14321906
3.68621642	4.78684335	3.04320186	2.95598092	3.84324331	1.44335420	3.06587237	6.46310277	6.35700544	0.80464726	6.51398099	3.58797758	1.35529746	7.13283008	5.39054994	6.92785851	1.38836760	6.96097190	5.45621716	0.35564870	5.25875297	2.70901563	3.34222661	6.23264525	0.00000000	4.21546345	2.03330214	1.58683182	2.04609468	2.44400029	2.57708023	2.84543956	6.74229061	7.02444416	4.78033966	2.09170870	2.79597781	0.47528656	6.65287918	4.39657520	6.09257014	4.22874676	4.75494420	6.71677446	1.31085824	4.84474998	1.20414791	1.17533513	6.48724485	3.10617769	2.08900669
1.77489078	1.06164306	3.35369654	2.65666599	0.96829797	3.45505576	1.14931223	2.24681169	2.14118461	3.89559538	2.36800126	4.23992736	3.69190031	2.91666011	2.75777186	2.71157989	2.82708175	2.74474234	1.24065741	3.92399818	1.61842316	3.64640359	3.66007662	2.01657386	4.21516199	0.00000000	4.27345557	2.62842520	2.80162434	1.77129358	2.93045459	1.37000590	2.52594754	2.80799192	0.56483813	4.07588924	1.77747364	3.74005822	2.43701904	1.60524798	1.87632767	2.82898796	3.15934618	2.50034144	3.63174164	1.07430521	3.01123578	3.38444211	2.72919614	2.77287662	3.29875539
2.49872971	5.33560211	1.00989822	4.43901134	5.24242285	2.92639649	4.44208037	4.42977041	4.72649582	1.71345787	4.48063607	1.55465017	0.67798376	5.09950723	3.35721721	4.89452713	1.51342292	4.92764437	5.05952966	1.74195377	3.22544135	0.67571268	1.30891291	4.19933014	2.03324373	4.27386344	0.00000000	2.62078858	1.47211579	3.30380677	4.06011239	2.98889365	4.70895417	4.99109915	4.65878548	0.19759347	2.49631998	1.55797152	4.83659665	5.87961002	4.05924160	2.19543214	2.72161536	4.68343096	2.79389980	3.19922597	1.63945253	0.88935418	4.45389438	1.50066236	0.97487941
2.09920185	3.19997161	1.70083982	1.81810150	2.62161030	0.82677703	1.82126932	4.87586892	4.76995442	1.94231917	4.92668493	2.58725576	2.03886899	5.54564332	3.80331425	5.34062950	1.10730598	5.37376197	3.86926765	1.49335989	3.67162187	1.99354150	2.00729821	4.64549681	1.58679487	2.62855138	2.62058718	0.00000000	1.14856722	0.85715415	1.43920946	1.25853448	5.15503655	5.43714765	3.19341278	2.42300285	1.20903628	1.52624234	5.06581288	3.25871761	4.50535519	2.64160080	3.16772776	5.12948543	1.00346862	3.25769773	0.98129674	1.73134773	4.89992126	1.51912872	1.64576813
1.64008404	3.86343599	0.99701196	2.96674065	3.77021860	1.45415783	2.96987714	4.41680661	4.31084584	1.72623283	4.46763836	1.54169974	0.89030592	5.08656909	3.34425240	4.88156597	0.65768413	4.91469361	3.58740592	1.75470733	3.21253355	0.84500568	1.29599950	4.18641289	2.04596828	2.80171930	1.47205035	1.14860069	0.00000000	1.83162670	2.58784642	1.51674569	4.69597935	4.97810120	3.18664941	1.27446313	1.02419189	1.57073480	4.60670816	4.40735123	4.04628810	2.18251625	2.70866105	4.67043708	1.46265718	2.79858945	0.84188475	0.87074185	4.44088167	1.06001962	0.49721216
1.24195246	2.34280299	2.38373068	1.13497786	1.93855558	1.68387040	1.13821567	4.01849555	3.91268443	2.62532549	4.06927638	3.27008004	2.72182264	4.68829657	2.94593984	4.48325888	1.79030144	4.51640213	3.01205505	2.17638842	2.81430660	2.67643429	2.69016090	3.78817174	2.44392003	1.77135995	3.30348223	0.85714605	1.83153015	0.00000000	1.15931968	0.40134701	4.29765175	4.57973885	2.33621298	3.10590438	0.80735673	2.20926078	4.20853424	2.57560631	3.64799251	1.85907683	2.31036424	4.27208086	1.86055994	2.40042703	1.66430662	2.41432407	4.04249716	1.80286787	2.32870594
2.40132041	3.50214980	3.13988105	0.37888843	2.55864893	1.13365499	1.78127531	5.17789595	5.07205777	3.38144564	5.22868599	4.02624783	3.47795658	5.84769001	4.10534051	5.64265856	2.54642443	5.67579899	4.17141337	2.93250276	3.97369180	3.43258416	3.44631864	4.94755950	2.57692950	2.93071273	4.05963151	1.43914966	2.58766166	1.15934302	0.00000000	1.56069875	5.45705514	5.73914853	3.49556795	3.86205196	1.56348490	2.96537776	5.36790985	1.97968383	4.80739011	2.94366453	3.46976206	5.43148942	1.26615610	3.55980056	2.42042584	3.17045206	5.20191084	2.55901193	3.08484402
0.84060198	2.34666194	2.06889199	1.44980348	2.25338506	2.08521212	1.45304522	3.61713811	3.51133279	2.52560674	3.66791696	2.95523761	2.40698748	4.28694062	2.54458233	4.08190158	1.47546862	4.11504544	2.61070663	2.55404783	2.41295242	2.36159571	2.37532063	3.38681701	2.84526353	1.37001272	2.98864378	1.25849073	1.51669551	0.40134513	1.56065981	0.00000000	3.89629366	4.17837942	1.93486528	2.79106629	0.49252281	2.37009048	3.80718211	2.89043262	3.24663566	1.54423642	1.90900735	3.87072166	2.26190154	1.99907535	1.64125329	2.09949018	3.64113686	1.48803053	2.01386988
3.05537934	2.69072678	3.69861733	5.18242442	2.89773501	5.98083355	3.67511143	0.27912920	2.08210448	6.42142216	0.73877780	3.15418325	5.38619949	1.20833846	1.35168738	0.49001019	5.35291486	0.75496586	2.41486430	6.44981202	1.48318088	4.03279365	3.39973711	0.77389688	6.74095830	2.52583492	4.70849552	5.15423368	4.69535464	4.29710678	5.45621587	3.89583851	0.00000000	0.28203039	2.01405902	4.65005574	3.94540603	6.26587794	2.19224657	3.47655159	0.64960700	2.51323019	1.98723725	0.45054345	6.15751823	1.89695512	5.53706049	5.56604544	1.09996362	3.63551786	4.65257156
3.33740473	2.92441230	3.98064408	5.46444386	3.17975662	6.26285404	3.95713307	0.56115848	2.31579319	6.70344529	0.51046187	3.43621209	5.66822427	1.44202958	1.63371670	0.72370206	5.63493833	0.98865740	2.64855120	6.73183445	1.76520834	4.31482034	3.68176475	1.00758732	7.02297978	2.80785848	4.99052214	5.43625582	4.97737913	4.57912917	5.73823546	4.17786195	0.28202964	0.00000000	2.24774552	4.93208216	4.22743012	6.54790068	2.42593555	3.75857142	0.93163594	2.79525792	2.26926622	0.30764788	6.43953865	2.17898117	5.81908350	5.84806951	0.86627007	3.91754386	4.93459684
2.15981733	0.67666669	3.73859623	3.22141796	0.93673091	4.01982823	1.71410737	2.04766566	1.57630318	4.46041973	2.75282962	4.62478598	4.07683873	2.35173133	3.14262127	2.14663637	3.39191280	2.17980548	0.67581139	4.48880882	2.00330906	4.03130447	4.04495893	1.45165845	4.77995407	0.56483296	4.65835784	3.19323017	3.18656849	2.33610354	3.49520957	1.93483642	2.01405264	2.24774488	0.00000000	4.46079551	2.16242567	4.30487508	1.87213227	1.51554556	2.18852567	3.21386868	3.54420231	2.46459541	4.19651284	1.45921861	3.57605793	3.76939452	3.11401490	3.15779117	3.68368404
2.30113078	5.13798976	0.95148757	4.24138096	5.04480393	2.72877163	4.24446162	4.37134640	4.52890032	1.77184933	4.42220621	1.49622846	0.73638397	5.04108764	3.29879302	4.83610357	1.31581384	4.86922260	4.86192461	1.80034154	3.16702699	0.61730236	1.25049758	4.14091415	2.09162650	4.07625488	0.19759239	2.42317248	1.27451211	3.10619202	3.86248283	2.79128443	4.65052825	4.93266925	4.46117831	0.00000000	2.29871418	1.61636097	4.63900258	5.68198170	4.00081936	2.13701639	2.66319298	4.62500176	2.59627460	3.00163058	1.44184106	0.91633443	4.39546193	1.30306666	0.77727991
0.89013648	2.83919864	1.57639904	1.94237835	2.74593568	2.03573252	1.94559546	3.66671625	3.56087454	2.47609755	3.71750749	2.46276809	1.91447243	4.33650940	2.59416084	4.13147876	1.40756136	4.16461882	2.66022819	2.50454646	2.46251011	1.86910208	1.88283759	3.43637815	2.79577275	1.77750822	2.49614936	1.20899259	1.02417719	0.80737269	1.56348976	0.49253006	3.94587583	4.22797003	2.16244798	2.29856959	0.00000000	2.32058555	3.85672692	3.38300315	3.29621005	1.43248313	1.95858203	3.92031079	2.21242267	2.04861736	1.59174536	1.62064111	3.69073287	0.99552910	1.52136041
3.21092513	4.31155660	2.56790811	3.34452399	4.14791477	1.83189914	3.34757196	5.98780450	5.88171299	0.41609759	6.03868074	3.11268009	0.88000725	6.65753331	4.91525162	6.45256040	0.91307974	6.48567439	4.98092794	0.18398529	4.78345797	2.23372200	2.86693128	5.75734970	0.47528430	3.74017542	1.55800864	1.52627538	1.57080500	2.20929114	2.96562357	2.37015175	6.26699169	6.54914389	4.30505116	1.61641556	2.32068884	0.00000000	6.17758624	4.78511896	5.61727248	3.75345129	4.27964649	6.24147444	1.69940307	4.36945749	0.72886087	0.70004620	6.01194373	2.63088530	1.61371559
2.96647270	1.86532097	3.91676746	5.09325920	2.80866396	5.89171373	3.58604184	2.22572974	0.29581759	6.33241725	2.93084685	4.80286853	5.29726653	0.98381505	3.32068397	1.70211067	5.26392479	1.43716974	1.19623293	6.36077675	2.18145053	4.20947827	4.22309264	1.41828623	6.65188191	2.43684908	4.83653466	5.06518584	4.60640900	4.20807001	5.36705733	3.80684727	2.19210151	2.42576178	1.87202727	4.63898095	3.85644295	6.17685645	0.00000000	3.38740324	2.36660399	3.39199895	3.72227951	2.64261793	6.06839560	1.80807758	5.44805070	5.47708150	3.29201141	3.54663778	4.56366025
3.38006356	1.52222877	4.95885081	1.70587477	0.63692595	2.95311710	1.43726350	3.26793566	3.09188662	5.20070027	3.97310636	5.84505332	5.29708127	3.86732949	4.36289147	3.66223911	4.36565225	3.69540615	2.19138382	4.75181219	3.22356792	5.25155868	5.26521890	2.96725245	4.39631318	1.60519741	5.87861161	3.25848179	4.40680925	2.57542619	1.97966545	2.89018547	3.47660074	3.75863491	1.51556998	5.68104804	3.38266398	4.78466230	3.38771737	0.00000000	3.40879363	4.43412915	4.76447043	3.68487139	3.08562328	2.67946893	4.23968927	4.98963271	4.33429463	4.37804113	4.90392962
2.40583299	2.86530292	3.04904767	4.53297937	2.77195597	5.33137071	3.02562892	0.37048351	2.25662636	5.77191431	0.56433008	2.50457795	4.73666344	1.38281926	0.95410228	0.83525184	4.70340119	0.92943965	2.58941690	5.80031605	0.83359926	3.38322502	2.75015238	0.94838928	6.09147844	1.87631959	4.05892811	4.50474265	4.04582356	3.64761140	4.80676820	3.24632530	0.64961883	0.93166207	2.18861847	4.00049179	3.29588178	5.61637657	2.36676382	3.40890329	0.00000000	1.86364408	1.35567712	0.62401180	5.50805649	1.24739736	4.88755454	4.91652154	0.92552423	2.98596110	4.00302704
1.05423304	3.89091460	1.18546128	2.99406748	3.79764186	3.46815871	2.99730190	2.23422084	3.28204784	3.90854454	2.28500338	1.41100495	2.87319487	2.90402056	1.16166517	2.69898403	2.84001103	2.73212675	3.61494606	3.93698795	1.21058016	1.51964225	0.88651314	2.00389467	4.22820680	2.82922982	2.19534958	2.64143181	2.18237240	1.85908507	2.94360937	1.54425068	2.51337759	2.79546586	3.21417164	2.13692541	1.43245456	3.75302954	3.39216909	4.43469534	1.86371727	0.00000000	0.52608905	2.48780766	3.64484835	1.75477964	3.02419146	3.05309551	2.25822491	1.12241991	2.13952873
1.38464965	4.22132095	1.71154135	3.32446005	4.12804318	3.99421343	3.32770336	1.70813054	3.61246708	4.43460994	1.75890861	1.16695518	3.39926696	2.73852572	0.63557474	2.17289408	3.36607782	2.28512321	3.94535800	4.46305053	1.54100515	2.04572208	1.41259679	2.30413365	4.75426556	3.15963907	2.72142912	3.16749322	2.70844331	2.31034781	3.46966049	1.90900342	1.98728584	2.26937106	3.54458196	2.66300413	1.95852385	4.27909341	3.72258942	4.76508947	1.35567859	0.52608398	0.00000000	1.96171340	4.17090281	2.08519896	3.55025641	3.57916472	1.73212817	1.64849692	2.66560284
3.02980972	3.14134320	3.67303424	5.15691333	3.04798730	5.95531218	3.64957869	0.41694048	2.53268955	6.39587479	0.28823558	3.12857957	5.36063582	1.65889979	1.32607909	0.94056414	5.32736412	1.20552315	2.86546712	6.42427151	1.45759088	4.00721116	3.37414532	1.22446492	6.71542710	2.50028322	4.68291373	5.12869602	4.66979384	4.27156661	5.43070326	3.87028804	0.45054957	0.30764932	2.46466580	4.62447595	3.91984918	6.24033431	2.64282897	3.68492184	0.62400233	2.48763760	1.96163233	0.00000000	6.13199749	1.87137891	5.51151421	5.54048879	0.64942621	3.60994222	4.62700300
3.10275569	4.20348191	2.45968759	1.64508435	3.25993051	0.17669270	2.48255826	5.87948959	5.77351937	2.11539958	5.93032456	3.00438145	2.21197779	6.54924964	4.80693548	6.34424870	1.28039225	6.37737535	4.87280166	1.66642833	4.67521123	2.16668311	2.75867771	5.64909146	1.31081663	3.63207397	2.79372757	1.00349813	1.46266904	1.86065665	1.26618967	2.26205494	6.15866338	6.44078742	4.19693989	2.59613976	2.21256785	1.69931622	6.06938248	3.08569380	5.50897011	3.64519469	4.17134313	6.13312292	0.00000000	4.26126305	1.15437523	1.90444431	5.90356929	2.52269305	1.81888547
1.15844280	2.13597780	2.27939777	3.28565287	2.04264415	4.08403302	1.77827886	1.61791542	1.52726712	4.52454832	1.66864380	3.16564785	3.48927973	2.28775614	1.68349665	2.08268283	3.45603154	2.11584216	1.86007697	4.55295754	0.54413085	2.57210425	2.58578599	1.38766362	4.84413006	1.07432814	3.19915557	3.25738723	2.79844297	2.40025326	3.55944005	1.99895594	1.89705459	2.17910590	1.45928285	3.00158737	2.04850549	4.36901466	1.80809536	2.67961052	1.24742831	1.75469807	2.08506783	1.87145421	4.26071949	0.00000000	3.64018975	3.66914546	1.65493532	1.73856436	2.75563800
2.48200185	3.69614681	1.83894883	2.79949898	3.60294674	1.28690160	2.80260482	5.25877871	5.15277267	0.96102559	5.30962586	2.38366576	1.05762204	5.92852953	4.18622496	5.72353687	0.18420694	5.75665978	4.25203507	0.91283074	4.05448021	1.50476431	2.13794871	5.02836384	1.20410487	3.01130006	1.63939213	0.98132140	0.84190531	1.66434386	2.42060261	1.64127965	5.53795645	5.82008881	3.57616887	1.44180207	1.59179971	0.72885380	5.44863877	4.24010416	4.88825552	3.02446658	3.55062883	5.51242284	1.15440383	3.64051659	0.00000000	0.75008070	5.28287598	1.90194594	0.88479513
2.51086546	4.44624714	1.86783446	3.54965416	4.35306708	2.03703999	3.55272462	5.28770501	5.18164670	0.85551927	5.33856995	2.41258505	0.30755280	5.95744237	4.21515179	5.75246179	0.62406835	5.78557924	4.28088009	0.88401472	4.08337714	1.53364896	2.16684858	5.05726572	1.17530407	3.38450893	0.88935252	1.73143315	0.87075449	2.41445151	3.17075532	2.09953906	5.56688853	5.84903303	3.76943115	0.91634533	1.62064244	0.70003268	5.47751718	4.99025310	4.91717642	3.05336776	3.57955016	5.54136493	1.90454325	3.66939098	0.75009767	0.00000000	5.31182794	1.93081939	0.91365702
2.80028566	3.79091528	3.44348532	4.92749731	3.69758197	5.72587719	3.42012272	1.06639565	3.18220375	6.16639179	0.36119952	2.89899263	5.13112276	2.30837017	1.09648365	1.59002088	5.09787492	1.85498605	3.51501409	6.19480119	1.22802920	3.77766334	3.14458031	1.87394767	6.48597396	2.72926543	4.45336721	4.89923096	4.44028607	4.04209692	5.20128445	3.64079932	1.09999822	0.86628403	3.11422007	4.39493312	3.69034870	6.01085823	3.29233823	4.33454881	0.92554542	2.25807112	1.73204310	0.64943736	5.90256368	1.65493662	5.28203325	5.31098867	0.00000000	3.38040706	4.39748088
0.99803487	3.83477234	0.58088067	2.93800033	3.74152699	2.34586028	2.94118629	3.35671311	3.25082539	2.78618788	3.40752000	1.46727935	1.75080175	4.02649441	2.28415817	3.82147440	1.71764685	3.85460966	3.55877336	2.81464667	2.15248111	0.87358285	0.88733175	3.12635352	3.10588636	2.77307177	1.50062911	1.51909690	1.05998571	1.80295282	2.55910956	1.48809537	3.63587778	3.91798266	3.15800780	1.30304646	0.99555613	2.63068128	3.54668161	4.37861964	2.98620215	1.12245787	1.64857450	3.61032153	2.52255134	1.73856852	1.90183728	1.93071809	3.38075231	0.00000000	1.01712465
1.59720623	4.36067096	0.95414699	3.46400761	4.26746523	1.95141499	3.46712347	4.37396537	4.26797410	1.76913186	4.42480750	1.49885440	0.73369298	5.04371999	3.30141147	4.83872392	0.70057995	4.87184837	4.08462792	1.79761290	3.16967517	0.61996275	1.25314284	4.14355740	2.08888273	3.29894754	0.97485080	1.64584232	0.49721957	2.32886594	3.08511194	2.01397511	4.65314148	4.93527041	3.68387519	0.77726167	1.52141522	1.61363740	4.56383898	4.90461456	4.00344370	2.13966035	2.66581690	4.62760505	1.81891693	2.75571793	0.88478482	0.91363203	4.39805539	1.01714754	0.00000000

DEMAND_SECTION
0 0
1 1
2 1
3 1
4 1
5 1
6 1
7 1
8 1
9 1
10 1
11 1
12 1
13 1
14 1
15 1
16 1
17 1
18 1
19 1
20 1
21 1
22 1
23 1
24 1
25 1
26 1
27 1
28 1
29 1
30 1
31 1
32 1
33 1
34 1
35 1
36 1
37 1
38 1
39 1
40 1
41 1
42 1
43 1
44 1
45 1
46 1
47 1
48 1
49 1
50 1

LOGISTIC_LOAD_SECTION
0	0
1	0
2	0
3	0
4	0
5	0
6	0
7	0
8	0
9	0
10	0
11	0
12	0
13	0
14	0
15	0
16	0
17	0
18	0
19	0
20	0
21	0
22	0
23	0
24	0
25	0
26	0
27	0
28	0
29	0
30	0
31	0
32	0
33	0
34	0
35	0
36	0
37	0
38	0
39	0
40	0
41	0
42	0
43	0
44	0
45	0
46	0
47	0
48	0
49	0
50	0

AVAILABILITY_LANDING_SPOT_SECTION
0	1
1	1
2	1
3	1
4	1
5	1
6	1
7	1
8	1
9	1
10	1
11	1
12	1
13	1
14	1
15	1
16	1
17	1
18	1
19	1
20	1
21	1
22	1
23	1
24	1
25	1
26	1
27	1
28	1
29	1
30	1
31	1
32	1
33	1
34	1
35	1
36	1
37	1
38	1
39	1
40	1
41	1
42	1
43	1
44	1
45	1
46	1
47	1
48	1
49	1
50	1

CUSTOMER_DRONE_PREFERENCE_SECTION
0	1
1	1
2	1
3	1
4	1
5	1
6	1
7	1
8	1
9	1
10	1
11	1
12	1
13	1
14	1
15	1
16	1
17	1
18	1
19	1
20	1
21	1
22	1
23	1
24	1
25	1
26	1
27	1
28	1
29	1
30	1
31	1
32	1
33	1
34	1
35	1
36	1
37	1
38	1
39	1
40	1
41	1
42	1
43	1
44	1
45	1
46	1
47	1
48	1
49	1
50	1

PRICE_SECTION
0	3
1	3
2	3
3	3
4	3
5	3
6	3
7	3
8	3
9	3
10	3
11	3
12	3
13	3
14	3
15	3
16	3
17	3
18	3
19	3
20	3
21	3
22	3
23	3
24	3
25	3
26	3
27	3
28	3
29	3
30	3
31	3
32	3
33	3
34	3
35	3
36	3
37	3
38	3
39	3
40	3
41	3
42	3
43	3
44	3
45	3
46	3
47	3
48	3
49	3
50	3

PRIORITY_DELIVERY_TIME_SECTION
0	0
1	0
2	0
3	0
4	0
5	0
6	0
7	0
8	0
9	0
10	0
11	0
12	0
13	0
14	0
15	0
16	0
17	0
18	0
19	0
20	0
21	0
22	0
23	0
24	0
25	0
26	0
27	0
28	0
29	0
30	0
31	0
32	0
33	0
34	0
35	0
36	0
37	0
38	0
39	0
40	0
41	0
42	0
43	0
44	0
45	0
46	0
47	0
48	0
49	0
50	0

EOF
