NAME: multi_modal_data
TYPE: MM

VEHICLES: 2
DIMENSION: 63

NUM_T: 3
NUM_D: 1

MAXIMUM_SYSTEM_DURATION: 300
UNIT: MIN

SERVICETIME: 5
UNIT: MIN

TAKEOFF_LANDING_TIME: 2
UNIT: MIN

MAX_WAITING_TIME: 99999999
UNIT: MIN

INIT_SOC: 100
MAX_SOC: 100
MIN_SOC_T: 3
MIN_SOC_D: 3
UNIT: %

DEMAND_T: 21
DEMAND_D: 0
UNIT: EA

MASS_T: 1940
MASS_D: 15
UNIT: KG

LIFT_TO_DRAG: 3
POWER_MOTOR_PROP: 0.5
UNIT: RATIO

POWER_ELEC: 0.1
UNIT: KW

CARGO_LIMIT_TRUCK: 99999999999999
UNIT: KG

CARGO_LIMIT_DRONE: 6
UNIT: KG

BATTERY_KWH_T: 100
BATTERY_KWH_D: 0.3
UNIT: KWH 

ENERGY_KWH/KM_T: 1.0
ENERGY_KWH/KM_D: 0.1
UNIT: KWH/KM

CHARGING_KW_D: 0.5
CHARGING_KW_T: 80
UNIT: KW 

LOSISTIC_KWH/KG_T: 0.001
LOSISTIC_KWH/KG_D: 0.001
UNIT: KWH/KG

SPEED_T: 0.3
SPEED_D: 1.0
UNIT: KM/MIN

ALTITUDE: 100
UNIT: M

CURVY_AIR: 1.0
UNIT: RATIO

CURVY_ROAD: 1.0
UNIT: RATIO

DEPOT_SECTION
0

EDGE_KM_D_TYPE: EUC_2D(haversine)
EDGE_KM_T_TYPE: MAN_2D(haversine)
EDGE_KM_D_FORMAT : FULL_MATRIX
EDGE_KM_T_FORMAT : FULL_MATRIX

NODE_COORD_SECTION
0	37.49863263	127.06456494
1	37.51426098	127.06382328
2	37.47448836	127.10537953
3	37.49010794	127.08845747
4	37.49448749	127.03634394
5	37.47826240	127.06217413
6	37.51525635	127.05101345
7	37.51721413	127.04614785
8	37.51611625	127.06541304
9	37.49613765	127.06655869
10	37.52120467	127.02513343
11	37.48963668	127.07944803
12	37.51118314	127.03889730
13	37.46745697	127.12224926
14	37.51848309	127.03979571
15	37.53370168	127.03921049
16	37.52543757	127.03470751
17	37.49958658	127.07175412
18	37.51806040	127.06158773
19	37.47493308	127.05579803
20	37.46132064	127.09956589
21	37.50540368	127.03865578
22	37.50519364	127.04555823
23	37.53354508	127.03907023
24	37.47684553	127.11410975
25	37.47676247	127.08717904
26	37.49557184	127.06050550
27	37.52674620	127.04901366
28	37.46856166	127.11964041
29	37.49818076	127.05782033
30	37.47914360	127.10664578
31	37.48967044	127.07105438
32	37.50296379	127.06915407
33	37.49286379	127.06252238
34	37.51233721	127.02136579
35	37.51869217	127.03142970
36	37.47160090	127.10144074
37	37.52946802	127.04166720
38	37.52143262	127.06117213
39	37.51747477	127.05037565
40	37.48214532	127.06032477
41	37.47554803	127.09954406
42	37.47445600	127.10779946
43	37.51897302	127.05595431
44	37.53314317	127.03284686
45	37.53226526	127.02443544
46	37.47859397	127.04638750
47	37.49320190	127.07449684
48	37.50271648	127.03128176
49	37.50815813	127.02467145
50	37.47834026	127.08039450
51	37.47453991	127.09965747
52	37.52177466	127.04514384
53	37.49292436	127.03343613
54	37.52131527	127.04441712
55	37.52143518	127.03837307
56	37.49130887	127.09959183
57	37.46921350	127.11643605
58	37.48346499	127.05979185
59	37.47531693	127.07780301
60	37.46990670	127.12162499
61	37.49429827	127.09299196
62	37.48238850	127.05378268

EDGE_KM_D
0.00000000	1.73902691	4.49180293	2.31121255	2.53199259	2.27487064	2.20130660	2.62833724	1.94553185	0.32848728	4.28911970	1.65066506	2.65970968	6.15826000	3.10571775	4.49519520	3.97733727	0.64302482	2.17617651	2.74645354	5.17226442	2.40638465	1.82851748	4.48628605	4.99783116	3.14563804	0.49405304	3.41377753	5.89888949	0.59712039	4.29896636	1.14930231	0.62915330	0.66629643	4.10402727	3.67664425	4.42961597	3.97932513	2.55284825	2.44052734	1.87108795	4.01423678	4.66680351	2.38587135	4.74884617	5.14908988	2.74537142	1.06414356	2.97102416	3.67506637	2.65368145	4.09440464	3.09132100	2.81864296	3.08540439	3.43019131	3.19567972	5.62575720	1.73834605	2.84355638	5.96248742	2.55375560	2.04146299
1.73902691	0.00000000	5.74456449	3.45475096	3.27263399	4.00550847	1.13522932	1.59315342	0.24943719	2.02961971	3.49855313	3.06545230	2.22499886	7.32512297	2.17055559	3.06339011	2.85275647	1.77536256	0.46622223	4.43001271	6.67822043	2.42857951	1.90055969	3.05994017	6.08198659	4.65098204	2.09864713	1.90611161	7.07626850	1.86480097	5.43324500	2.80776666	1.34131138	2.38202823	3.75090954	2.89920990	5.78931592	2.58404798	0.83102319	1.23872327	3.58441569	5.33494462	5.88582156	0.86959524	3.44542591	4.00921488	4.25384563	2.52386586	3.14435833	3.51938172	4.25334522	5.43162931	1.84719035	3.57968506	1.88273015	2.38214794	4.05823820	6.82916262	3.44278103	4.50259575	7.09441058	3.39820147	3.65307705
4.49180293	5.74456449	0.00000000	2.29043498	6.48461077	3.83568127	6.59960489	7.06237729	5.81878285	4.18664035	8.78067264	2.84128282	7.14505967	1.68159127	7.57680906	8.79895632	8.42403261	4.07317290	6.19674490	4.37569084	1.55148097	6.81715615	6.28603801	8.79416174	0.81377154	1.62590074	4.60144754	7.64788735	1.42063643	4.95473351	0.52956313	3.46748984	4.49902466	4.29826183	8.52358379	8.16831021	0.47318932	8.30439268	6.51595726	6.81133921	4.06589297	0.52826858	0.21358242	6.59394678	9.13653032	9.60512649	5.22571268	3.42861511	7.25213683	8.04490777	2.24601719	0.50498731	7.47560028	6.67081366	7.48569845	7.88632788	1.93882540	1.13846230	4.14472552	2.43527810	1.52148808	2.45903874	4.63700189
2.31121255	3.45475096	2.29043498	0.00000000	4.62349145	2.66707388	4.32782574	4.79732170	3.53497144	2.04505423	6.56946954	0.79661917	4.96047185	3.90322882	5.32739187	6.50886682	6.15724136	1.81174737	3.90880912	3.33945242	3.34774134	4.71120936	4.13965700	6.50419043	2.70149397	1.48823217	2.53981405	5.35746270	3.64849174	2.84808938	2.01542493	1.53622726	2.22341846	2.30860453	6.41394699	5.95050766	2.35529345	6.01568404	4.23382018	4.53266390	2.63542637	1.89158690	2.43759519	4.30377395	6.85262945	7.33913035	3.92665003	1.27884775	5.23533032	5.97431188	1.48940981	1.99332191	5.19580931	4.86446008	5.20896846	5.62606727	0.99139601	3.39017014	2.63489842	1.89442028	3.68937206	0.61412718	3.17759934
2.53199259	3.27263399	6.48461077	4.62349145	0.00000000	2.90674295	2.64722107	2.67096800	3.51557044	2.67192940	3.13106886	3.84097878	1.87008743	8.15438633	2.68550896	4.36774846	3.44452226	3.17494200	3.43933624	2.77025251	6.68770521	1.23084054	1.44151286	4.34966283	7.13649634	4.89931021	2.13500951	3.75705980	7.89511861	1.93867129	6.43328127	3.10886513	3.04405165	2.31662544	2.38436185	2.72612596	6.28246181	3.91789873	3.71123422	2.83998132	2.52195645	5.96085884	6.68678586	3.22570649	4.30937361	4.33002508	1.97701463	3.36904525	1.01818452	1.83602701	4.28139535	6.01071424	3.13191167	0.30987653	3.06693566	3.00179136	5.59125151	7.60548254	2.40461768	4.23390714	8.00604831	4.99773718	2.04385674
2.27487064	4.00550847	3.83568127	2.66707388	2.90674295	0.00000000	4.22974006	4.55615761	4.21884993	2.02493746	5.78599508	1.98059334	4.19729281	5.43601827	4.88869310	6.48884669	5.77819734	2.51729257	4.42564476	0.67352299	3.79978169	3.66245637	3.33418918	6.47618894	4.58568839	2.21281591	1.93034775	5.51474229	5.18475503	2.24788951	3.92549647	1.49100659	2.81486415	1.62389364	5.22663457	5.25038811	3.54343052	5.97426723	4.80112986	4.48273606	0.46157186	3.31146512	4.04838887	4.55995434	6.62816352	6.86587357	1.39353910	1.98538705	3.85002425	4.69020445	1.60783653	3.33351021	5.06623235	3.01456796	5.03704001	5.23969024	3.60621210	4.89307799	0.61551156	1.41751739	5.32803080	3.25165930	0.87108284
2.20130660	1.13522932	6.59960489	4.32782574	2.64722107	4.22974006	0.00000000	0.48119479	1.27361588	2.52978253	2.37640204	3.79569184	1.16067837	8.23105225	1.05242209	2.30003404	1.83021786	2.52646469	0.98336302	4.50357373	7.37019400	1.54543889	1.21799931	2.29018174	7.01624693	5.33864073	2.34350261	1.28973019	7.97613684	1.99139602	6.34130939	3.34956978	2.10444938	2.68895923	2.63501324	1.76897471	6.58460095	1.78231226	1.12888323	0.25300990	3.77230422	6.15033471	6.75877106	0.60057517	2.55391760	3.01178395	4.09705251	3.21016791	2.23012848	2.45385033	4.85475634	6.23819861	0.89068732	2.92753664	0.89014217	1.30953208	5.04520485	7.71540772	3.61887229	5.03079915	8.01487688	4.37527056	3.66289876
2.62833724	1.59315342	7.06237729	4.79732170	2.67096800	4.55615761	0.48119479	0.00000000	1.70351750	2.95533160	1.90573012	4.24643673	0.92665388	8.70004653	0.57772882	1.93271719	1.36165614	2.99056808	1.36498531	4.77790551	7.80000806	1.47015452	1.33763094	1.92019188	7.48978255	5.77365898	2.71942843	1.08963533	8.44442127	2.35357345	6.81210828	3.76927266	2.57463971	3.06881691	2.25203296	1.30844159	7.03712081	1.41871207	1.40563133	0.37400181	4.09512701	6.60725348	7.22413809	0.88672479	2.12441382	2.54309147	4.29442407	3.65821795	2.07802273	2.14528313	5.27375847	6.69341092	0.51478093	2.92441781	0.48089424	0.83094522	5.52476612	8.18185672	3.94103554	5.43166935	8.48603508	4.85463151	3.93057441
1.94553185	0.24943719	5.81878285	3.53497144	3.51557044	4.21884993	1.27361588	1.70351750	0.00000000	2.22382005	3.59723391	3.19410625	2.40217913	7.37701116	2.27463666	3.02707023	2.89957598	1.92124010	0.40069833	4.65726655	6.79740831	2.64367486	2.13121975	3.02533996	6.12572178	4.77872006	2.32509182	1.86785123	7.13094709	2.10379233	5.48939858	2.98245431	1.49925301	2.59810278	3.90763518	3.01086424	5.88254721	2.56702931	0.69954126	1.33482985	3.80397768	5.42362792	5.95337435	0.89265737	3.43986502	4.03530461	4.49724115	2.67099000	3.35911420	3.70086635	4.40352611	5.52269263	1.89512844	3.82189549	1.93987598	2.45703025	4.08648014	6.88939547	3.66436774	4.66650848	7.14119384	3.43570187	3.88817277
0.32848728	2.02961971	4.18664035	2.04505423	2.67192940	2.02493746	2.52978253	2.95533160	2.22382005	0.00000000	4.59573995	1.34747842	2.95852865	5.85820593	3.42735210	4.82337929	4.30202201	0.59762036	2.47682457	2.54182850	4.84476447	2.66842776	2.10857013	4.81452621	4.71218053	2.81988337	0.53771702	3.73882407	5.59825053	0.80367993	4.01008609	0.82125110	0.79281438	0.50924248	4.37462565	3.98642133	4.11304806	4.30764853	2.85252453	2.76891193	1.65023493	3.70299815	4.36504878	2.70599299	5.07669041	5.47186410	2.64064206	0.77267350	3.19687107	3.92937837	2.32521570	3.78107339	3.41973524	2.94394937	3.41354039	3.75416203	2.96337880	5.32280760	1.53039641	2.51878814	5.66711821	2.34096471	1.89946699
4.28911970	3.49855313	8.78067264	6.56946954	3.13106886	5.78599508	2.37640204	1.90573012	3.59723391	4.59573995	0.00000000	5.93939310	1.64785415	10.44640928	1.32805764	1.86333766	0.96666201	4.76322047	3.23399716	5.81299826	9.35226704	2.12356398	2.53278979	1.84211381	9.27047111	7.37432600	4.22595646	2.19426101	10.18735613	3.85577305	8.57794568	5.35756140	4.38059900	4.56159080	1.04050507	0.62160908	8.70297064	1.72343442	3.17841891	2.26452008	5.33861188	8.29852272	8.95577158	2.72949706	1.49162538	1.23142283	5.09559760	5.35305820	2.12611920	1.45128296	6.81785492	8.37545745	1.76588741	3.22878753	1.70070885	1.16790895	7.36129340	9.91484600	5.19209147	6.90108667	10.24707809	6.69173092	5.00164872
1.65066506	3.06545230	2.84128282	0.79661917	3.84097878	1.98059334	3.79569184	4.24643673	3.19410625	1.34747842	5.93939310	0.00000000	4.30544049	4.51080143	4.74587124	6.05013359	5.60554176	1.29800694	3.53149492	2.65103098	3.61461911	4.00303894	3.45413792	6.04332387	3.37298443	1.58577231	1.79680805	4.92279002	4.25092645	2.13152689	2.66841454	0.74057505	1.73804127	1.53581364	5.71179218	5.32730861	2.79070806	5.54273653	3.88575260	4.01980186	1.88173447	2.36611956	3.01791289	3.86470705	6.34812535	6.78333026	3.16501505	0.58989933	4.49130959	5.25286591	1.25887909	2.44907037	4.68263499	4.07593262	4.68579915	5.06260942	1.78695203	3.97619096	1.86516066	1.59888836	4.32022958	1.30251590	2.40369137
2.65970968	2.22499886	7.14505967	4.96047185	1.87008743	4.19729281	1.16067837	0.92665388	2.40217913	2.95852865	1.64785415	4.30544049	0.00000000	8.81608063	0.81557761	2.50410362	1.62752684	3.17222699	2.14241764	4.29777375	7.70685004	0.64299962	0.88812514	2.48658450	7.65564759	5.72654886	2.57811093	1.94699507	8.55631937	2.20831639	6.95818724	3.71072958	2.82105961	2.91424684	1.55164928	1.06347284	7.05836623	2.04781200	2.27123538	1.23059917	3.74152140	6.65803068	7.32334496	1.73596080	2.49946806	2.66872212	3.68351326	3.72286968	1.15654029	1.29910040	5.17106234	6.73334013	1.30021502	2.08665966	1.22732811	1.14091438	5.79233967	8.28132046	3.59128148	5.26184886	8.62205232	5.12796445	3.46065872
6.15826000	7.32512297	1.68159127	3.90322882	8.15438633	5.43601827	8.23105225	8.70004653	7.37701116	5.85820593	10.44640928	4.51080143	8.81608063	0.00000000	9.22555035	10.38846899	10.06037359	5.71099278	7.76558139	5.92301586	2.11509556	8.49735785	7.96213604	10.38487299	1.26721126	3.26333236	6.28141598	9.23071946	0.26096124	6.63256666	1.89334972	5.14872205	6.12664178	5.97976430	10.20439327	9.83149262	1.89334032	9.90359804	8.06580447	8.43460554	5.70349061	2.19646167	1.49393893	8.18676169	10.74939047	11.24227702	6.80828587	5.09413789	8.93286885	9.72649834	3.88683478	2.14367591	9.09691532	8.33285257	9.11131663	9.52802058	3.32137370	0.54896279	5.79191999	4.01860714	0.27791312	3.94624917	6.26591628
3.10571775	2.17055559	7.57680906	5.32739187	2.68550896	4.88869310	1.05242209	0.57772882	2.27463666	3.42735210	1.32805764	4.74587124	0.81557761	9.22555035	0.00000000	1.69301893	0.89407000	3.51588187	1.92253037	5.04413145	8.25896035	1.45783712	1.56269061	1.67604009	8.02599449	6.24460870	3.13488382	1.22681906	8.96858491	2.76119127	7.34264203	4.22702236	3.11185181	3.48342502	1.76331052	0.73820657	7.53348306	1.23256998	1.91357513	0.93981780	4.42787043	7.11171024	7.74333834	1.42614654	1.74150382	2.04535100	4.47343245	4.15598161	1.90723753	1.75999934	5.72295316	7.19481037	0.59701881	2.89684167	0.51507003	0.35141908	6.07886788	8.70245509	4.27476382	5.85504091	9.01631383	5.40839123	4.19892545
4.49519520	3.06339011	8.79895632	6.50886682	4.36774846	6.48884669	2.30003404	1.93271719	3.02707023	4.82337929	1.86333766	6.05013359	2.50410362	10.38846899	1.69301893	0.00000000	1.00105081	4.75694442	2.63042094	6.69659161	9.65027520	3.14697818	3.21900939	0.02135838	9.14443263	7.61514219	4.63724247	1.15993805	10.13933862	4.27721646	8.49630994	5.64449709	4.31929604	4.98479094	2.84959375	1.80452658	8.82148301	0.51821461	2.36894759	2.05552056	6.02775570	8.37491672	8.94464028	2.20510654	0.56455466	1.31258830	6.16032311	5.47419111	3.51564778	3.11633062	7.14792384	8.46808808	1.42570812	4.56275133	1.45182323	1.36597176	7.11227023	9.89088924	5.87366543	7.33052876	10.15755663	6.45743737	5.84876400
3.97733727	2.85275647	8.42403261	6.15724136	3.44452226	5.77819734	1.83021786	1.36165614	2.89957598	4.30202201	0.96666201	5.60554176	1.62752684	10.06037359	0.89407000	1.00105081	0.00000000	4.35200321	2.50851551	5.91602714	9.14178448	2.25472365	2.44601884	0.98017013	8.84634482	7.12181969	4.02572101	1.26996846	9.80507298	3.65265206	8.17128584	5.10847765	3.93388991	4.37476770	1.87256837	0.80383208	8.39612144	0.75995134	2.37600356	1.64114157	5.31789658	7.96798552	8.58560180	2.00692077	0.87239262	1.18190670	5.30970678	5.01656776	2.54447698	2.11547385	6.60826026	8.05357548	1.00646583	3.61704810	0.97125435	0.55005929	6.86711513	9.54311712	5.16511624	6.74636258	9.84496684	6.19830876	5.07397790
0.64302482	1.77536256	4.07317290	1.81174737	3.17494200	2.51729257	2.52646469	2.99056808	1.92124010	0.59762036	4.76322047	1.29800694	3.17222699	5.71099278	3.51588187	4.75694442	4.35200321	0.00000000	2.24140074	3.08171971	4.91198145	2.99052980	2.39348009	4.75056736	4.51220826	2.87980572	1.08814169	3.62539546	5.45474770	1.23911590	3.82678180	1.10435247	0.44003501	1.10549836	4.66540480	4.14301317	4.06753368	4.25229911	2.60232078	2.74087689	2.18587449	3.62723420	4.23359962	2.56693784	5.06933865	5.53364964	3.23386863	0.75004568	3.58721729	4.26123553	2.48243899	3.71724615	3.40531669	3.46068695	3.41347045	3.81726665	2.62272687	5.19133228	2.08024572	2.75093405	5.50043878	1.96372489	2.48417148
2.17617651	0.46622223	6.19674490	3.90880912	3.43933624	4.42564476	0.98336302	1.36498531	0.40069833	2.47682457	3.23399716	3.53149492	2.14241764	7.76558139	1.92253037	2.63042094	2.50851551	2.24140074	0.00000000	4.82267013	7.14377503	2.46411622	2.01145363	2.62827351	6.51706569	5.11709749	2.50243883	1.47054157	7.51837141	2.23535794	5.87591026	3.26540770	1.80646937	2.80295231	3.60416520	2.66072308	6.24901647	2.16685442	0.37676080	0.99100217	3.99513442	5.79299514	6.33479996	0.50709727	3.03920587	3.63722069	4.58877343	2.98950829	3.17121865	3.43720581	4.71802567	5.89053769	1.50790608	3.73880472	1.55698920	2.08149135	4.48185687	7.27441796	3.85010027	4.96347891	7.53163739	3.82820602	4.02585652
2.74645354	4.43001271	4.37569084	3.33945242	2.77025251	0.67352299	4.50357373	4.77790551	4.65726655	2.54182850	5.81299826	2.65103098	4.29777375	5.92301586	5.04413145	6.69659161	5.91602714	3.08171971	4.82267013	0.00000000	4.14869560	3.71042234	3.48400004	6.68232135	5.15013774	2.77669440	2.33221362	5.79236520	5.67848188	2.59117768	4.51137436	2.12076203	3.33220039	2.08021718	5.15039806	5.31954612	4.04490956	6.19081292	5.19220947	4.75455212	0.89594008	3.86102772	4.58927044	4.89704349	6.78191832	6.94948177	0.92483301	2.61701794	3.77135829	4.60333349	2.20332271	3.87070354	5.29267714	2.80987246	5.25428859	5.39446454	4.27176503	5.38896392	1.01204948	1.94232878	5.83602508	3.92518179	0.84786592
5.17226442	6.67822043	1.55148097	3.34774134	6.68770521	3.79978169	7.37019400	7.80000806	6.79740831	4.84476447	9.35226704	3.61461911	7.70685004	2.11509556	8.25896035	9.65027520	9.14178448	4.91198145	7.14377503	4.14869560	0.00000000	7.27413945	6.81975125	9.64260276	2.15118037	2.03551750	5.13668095	8.53325989	1.94611753	5.51075696	2.07798667	4.03332983	5.35189038	4.79454488	8.93239720	8.76562432	1.15502813	9.13849628	7.49347973	7.60422154	4.16589488	1.58201794	1.63136187	7.47676801	9.92097815	10.30352972	5.07095030	4.17864726	7.58232266	8.41392102	2.53853543	1.46994055	8.26088128	6.81198580	8.25699526	8.59241198	3.33454469	1.72834289	4.28760223	2.47206411	2.16837725	3.71255300	4.67039941
2.40638465	2.42857951	6.81715615	4.71120936	1.23084054	3.66245637	1.54543889	1.47015452	2.64367486	2.66842776	2.12356398	4.00303894	0.64299962	8.49735785	1.45783712	3.14697818	2.25472365	2.99052980	2.46411622	3.71042234	7.27413945	0.00000000	0.60931806	3.12939782	7.37571196	5.33576740	2.21595886	2.54294282	8.23651755	1.87167807	6.67145241	3.35110723	2.70396192	2.52532412	1.70888847	1.60921490	6.69436298	2.68898473	2.66848269	1.69417436	3.21609003	6.31507464	7.00412694	2.14583297	3.12675045	3.23949630	3.05815748	3.44063227	0.71582458	1.27099811	4.75568637	6.38318283	1.90819967	1.46204398	1.84081786	1.78279814	5.59952140	7.95554463	3.07052800	4.80850987	8.31680762	4.94989145	2.88624782
1.82851748	1.90055969	6.28603801	4.13965700	1.44151286	3.33418918	1.21799931	1.33763094	2.13121975	2.10857013	2.53278979	3.45413792	0.88812514	7.96213604	1.56269061	3.21900939	2.44601884	2.39348009	2.01145363	3.48400004	6.81975125	0.60931806	0.00000000	3.20404866	6.82027329	4.84549776	1.69805041	2.41583882	7.70175123	1.33347723	6.11861707	2.83525115	2.09615647	2.02961627	2.27697922	1.95086392	6.18572284	2.72092018	2.27092923	1.43018129	2.87497140	5.79253757	6.46824820	1.78562484	3.30386631	3.54005182	2.95865724	2.88016202	1.28913093	1.87166024	4.28512723	5.86522291	1.84408996	1.73345328	1.79546922	1.91394612	5.01058861	7.42396526	2.72296132	4.37380148	7.77431043	4.35632762	2.63758780
4.48628605	3.05994017	8.79416174	6.50419043	4.34966283	6.47618894	2.29018174	1.92019188	3.02533996	4.81452621	1.84211381	6.04332387	2.48658450	10.38487299	1.67604009	0.02135838	0.98017013	4.75056736	2.62827351	6.68232135	9.64260276	3.12939782	3.20404866	0.00000000	9.14136181	7.60756739	4.62636879	1.15773965	10.13558387	4.26592215	8.49256830	5.63558317	4.31312971	4.97406558	2.82824665	1.78372478	8.81557874	0.50790335	2.36912856	2.04625006	6.01504177	8.36936263	8.94021254	2.20055519	0.55057846	1.29829113	6.14428941	5.46693765	3.49613263	3.09537323	7.13924338	8.46237922	1.41416215	4.54407761	1.43931835	1.34796330	7.11002817	9.88681356	5.86095390	7.32087893	10.15427852	6.45474766	5.83451699
4.99783116	6.08198659	0.81377154	2.70149397	7.13649634	4.58568839	7.01624693	7.48978255	6.12572178	4.71218053	9.27047111	3.37298443	7.65564759	1.26721126	8.02599449	9.14443263	8.84634482	4.51220826	6.51706569	5.15013774	2.15118037	7.37571196	6.82027329	9.14136181	0.00000000	2.37650274	5.16775849	7.98522474	1.04244388	5.50403596	0.70647655	4.05790348	4.91597070	4.88788636	9.08421853	8.65183193	1.26096736	8.66461550	6.81100576	7.21279309	4.78249865	1.29342339	0.61699932	6.94728336	9.51694252	10.02737544	5.97919708	3.94011430	7.85366104	8.62480272	2.97978934	1.30086511	7.87237630	7.33932271	7.88992714	8.32006819	2.05607342	0.87312158	4.84922219	3.20840296	1.01742567	2.69036712	5.35888752
3.14563804	4.65098204	1.62590074	1.48823217	4.89931021	2.21281591	5.33864073	5.77365898	4.77872006	2.81988337	7.37432600	1.58577231	5.72654886	3.26333236	6.24460870	7.61514219	7.12181969	2.87980572	5.11709749	2.77669440	2.03551750	5.33576740	4.84549776	7.60756739	2.37650274	0.00000000	3.14854730	6.49813714	3.00632753	3.51881818	1.73808939	2.02099554	3.31924256	2.81755683	7.02571151	6.77689670	1.38324986	7.10385948	5.47136193	5.57095699	2.44407797	1.09947745	1.83765036	5.44223452	7.89136037	8.28988435	3.60533831	2.14329450	5.71411202	6.52688739	0.62386790	1.12856087	6.22916654	5.07111513	6.22683312	6.57364652	1.95341932	2.71492314	2.52897014	0.84285872	3.13393463	2.01622284	3.01260060
0.49405304	2.09864713	4.60144754	2.53981405	2.13500951	1.93034775	2.34350261	2.71942843	2.32509182	0.53771702	4.22595646	1.79680805	2.57811093	6.28141598	3.13488382	4.63724247	4.02572101	1.08814169	2.50243883	2.33221362	5.13668095	2.21595886	1.69805041	4.62636879	5.16775849	3.14854730	0.00000000	3.61159303	6.02058693	0.37453043	4.46210567	1.13876057	1.12147459	0.34976588	3.92375093	3.63142135	4.48898725	4.11908645	2.87619218	2.59423864	1.49304840	4.10150019	4.78817899	2.63288196	4.83783944	5.17385137	2.26178617	1.26218288	2.69769164	3.45705097	2.59823497	4.17172086	3.21329056	2.40623829	3.19499869	3.47590009	3.48080849	5.73989140	1.34769375	2.72066129	6.10156426	2.86954841	1.58137949
3.41377753	1.90611161	7.64788735	5.35746270	3.75705980	5.51474229	1.28973019	1.08963533	1.86785123	3.73882407	2.19426101	4.92279002	1.94699507	9.23071946	1.22681906	1.15993805	1.26996846	3.62539546	1.47054157	5.79236520	8.53325989	2.54294282	2.41583882	1.15773965	7.98522474	6.49813714	3.61159303	0.00000000	8.98220695	3.26993588	7.33921299	4.55805836	3.18571902	3.95148820	2.91765976	1.79075717	7.68054283	0.71504830	1.22425079	1.03791108	5.05877262	7.23049071	7.79105739	1.05912380	1.59321690	2.25256868	5.35930035	4.35487954	3.09603530	2.98014060	6.05263689	7.32519457	0.64966701	4.00396252	0.72732729	1.10874365	5.95235401	8.73523586	4.90567031	6.25725693	8.99882077	5.29767211	4.95026520
5.89888949	7.07626850	1.42063643	3.64849174	7.89511861	5.18475503	7.97613684	8.44442127	7.13094709	5.59825053	10.18735613	4.25092645	8.55631937	0.26096124	8.96858491	10.13933862	9.80507298	5.45474770	7.51837141	5.67848188	1.94611753	8.23651755	7.70175123	10.13558387	1.04244388	3.00632753	6.02058693	8.98220695	0.00000000	6.37196338	1.64303338	4.88777602	5.87169133	5.71880376	9.94349352	9.57274001	1.64133145	9.65310435	7.82112273	8.18075043	5.44794255	1.93618396	1.23350792	7.93668400	10.49723821	10.98697508	6.55998301	4.83474658	8.67207453	9.46554132	3.63005988	1.88463470	8.84342249	8.07463624	8.85727658	9.27197913	3.08665915	0.29193745	5.53524546	3.76779029	0.23031415	3.70392124	6.01160777
0.59712039	1.86480097	4.95473351	2.84808938	1.93867129	2.24788951	1.99139602	2.35357345	2.10379233	0.80367993	3.85577305	2.13152689	2.20831639	6.63256666	2.76119127	4.27721646	3.65265206	1.23911590	2.23535794	2.59117768	5.51075696	1.87167807	1.33347723	4.26592215	5.50403596	3.51881818	0.37453043	3.26993588	6.37196338	0.00000000	4.79988579	1.50289593	1.13247824	0.72223452	3.58029301	3.25894729	4.85271478	3.75941306	2.60234103	2.24364945	1.79670098	4.45938780	5.13866952	2.31784883	4.46826022	4.79942483	2.40021149	1.57195284	2.39484784	3.12755717	2.97223629	4.53176477	2.85186006	2.22921670	2.83110399	3.10301177	3.76360095	6.09301643	1.64553989	3.09388570	6.44822682	3.13278046	1.79179069
4.29896636	5.43324500	0.52956313	2.01542493	6.43328127	3.92549647	6.34130939	6.81210828	5.48939858	4.01008609	8.57794568	2.66841454	6.95818724	1.89334972	7.34264203	8.49630994	8.17128584	3.82678180	5.87591026	4.51137436	2.07798667	6.67145241	6.11861707	8.49256830	0.70647655	1.73808939	4.46210567	7.33921299	1.64303338	4.79988579	0.00000000	3.35147688	4.23758218	4.18141386	8.38017766	7.96039545	0.95625110	8.01047911	6.18096299	6.54285002	4.10096401	0.74335617	0.53108720	6.29384725	8.85613404	9.35305214	5.31765889	3.23882437	7.14719551	7.91913646	2.31818927	0.80146237	7.20464460	6.63880943	7.21977538	7.64124202	1.48903631	1.40201549	4.16217738	2.58052094	1.67399959	2.07146787	4.67855789
1.14930231	2.80776666	3.46748984	1.53622726	3.10886513	1.49100659	3.34956978	3.76927266	2.98245431	0.82125110	5.35756140	0.74057505	3.71072958	5.14872205	4.22702236	5.64449709	5.10847765	1.10435247	3.26540770	2.12076203	4.03332983	3.35110723	2.83525115	5.63558317	4.05790348	2.02099554	1.13876057	4.55805836	4.88777602	1.50289593	3.35147688	0.00000000	1.48763189	0.83230064	5.05628970	4.75727239	3.35057778	5.12857652	3.63778544	3.58971782	1.26349727	2.96402809	3.65714682	3.52005263	5.89272839	6.27225781	2.50082235	0.49643054	3.79685002	4.57919932	1.50547181	3.03324823	4.23881344	3.33861889	4.23114821	4.55920240	2.52439140	4.60549915	1.20979760	1.70350980	4.97418797	2.00271539	1.72569942
0.62915330	1.34131138	4.49902466	2.22341846	3.04405165	2.81486415	2.10444938	2.57463971	1.49925301	0.79281438	4.38059900	1.73804127	2.82105961	6.12664178	3.11185181	4.31929604	3.93388991	0.44003501	1.80646937	3.33220039	5.35189038	2.70396192	2.09615647	4.31312971	4.91597070	3.31924256	1.12147459	3.18571902	5.87169133	1.13247824	4.23758218	1.48763189	0.00000000	1.26631939	4.34225191	3.75907202	4.50301572	3.81612037	2.17096763	2.31236471	2.44246086	4.05988927	4.65558323	2.12707592	4.63843346	5.11575574	3.37308503	1.18338948	3.34096677	3.96611242	2.91208521	4.15121539	2.97657688	3.34291880	2.98739925	3.40435648	2.98161056	5.61144749	2.32017481	3.16748980	5.91144839	2.31318694	2.65960523
0.66629643	2.38202823	4.29826183	2.30860453	2.31662544	1.62389364	2.68895923	3.06881691	2.59810278	0.50924248	4.56159080	1.53581364	2.91424684	5.97976430	3.48342502	4.98479094	4.37476770	1.10549836	2.80295231	2.08021718	4.79454488	2.52532412	2.02961627	4.97406558	4.88788636	2.81755683	0.34976588	3.95148820	5.71880376	0.72223452	4.18141386	0.83230064	1.26631939	0.00000000	4.22727809	3.97123083	4.16928459	4.46658672	3.17894517	2.93890182	1.20751067	3.79185263	4.48890742	2.96046347	5.18760065	5.52092197	2.13177941	1.05711749	2.96580589	3.74721666	2.25715508	3.85849860	3.56152719	2.56615470	3.54391181	3.82504471	3.27506837	5.43578950	1.07250876	2.37166489	5.80639114	2.69289338	1.39691901
4.10402727	3.75090954	8.52358379	6.41394699	2.38436185	5.22663457	2.63501324	2.25203296	3.90763518	4.37462565	1.04050507	5.71179218	1.55164928	10.20439327	1.76331052	2.84959375	1.87256837	4.66540480	3.60416520	5.15039806	8.93239720	1.70888847	2.27697922	2.82824665	9.08421853	7.02571151	3.92375093	2.91765976	9.94349352	3.58029301	8.38017766	5.05628970	4.34225191	4.22727809	0.00000000	1.13455578	8.39216259	2.61421715	3.65357190	2.62165034	4.80452877	8.01909948	8.71161970	3.13862259	2.52538453	2.23237623	4.35328241	5.14725565	1.38183607	0.54859500	6.43508696	8.08544559	2.34505193	2.40693815	2.26494390	1.80925720	7.28608437	9.66174886	4.66889566	6.46042725	10.02522033	6.62911208	4.38958736
3.67664425	2.89920990	8.16831021	5.95050766	2.72612596	5.25038811	1.76897471	1.30844159	3.01086424	3.98642133	0.62160908	5.32730861	1.06347284	9.83149262	0.73820657	1.80452658	0.80383208	4.14301317	2.66072308	5.31954612	8.76562432	1.60921490	1.95086392	1.78372478	8.65183193	6.77689670	3.63142135	1.79075717	9.57274001	3.25894729	7.96039545	4.75727239	3.75907202	3.97123083	1.13455578	0.00000000	8.09746677	1.50027869	2.64072331	1.67642428	4.79710649	7.68922474	8.34193283	2.16316705	1.61173212	1.63043290	4.64988619	4.73981052	1.77646601	1.31428334	6.22829280	7.76744132	1.25712098	2.87071508	1.18195796	0.68411527	6.73968573	9.30127899	4.64795970	6.32450335	9.63052695	6.07012482	4.49266699
4.42961597	5.78931592	0.47318932	2.35529345	6.28246181	3.54343052	6.58460095	7.03712081	5.88254721	4.11304806	8.70297064	2.79070806	7.05836623	1.89334032	7.53348306	8.82148301	8.39612144	4.06753368	6.24901647	4.04490956	1.15502813	6.69436298	6.18572284	8.81557874	1.26096736	1.38324986	4.48898725	7.68054283	1.64133145	4.85271478	0.95625110	3.35057778	4.50301572	4.16928459	8.39216259	8.09746677	0.00000000	8.31912611	6.58207349	6.80558148	3.81299391	0.46973497	0.64473140	6.62198199	9.13473452	9.57327836	4.92008599	3.37958741	7.09157535	7.89945046	2.00274385	0.36272099	7.46945953	6.45205245	7.47439324	7.85259672	2.19749403	1.34972894	3.90484137	2.12652122	1.79122510	2.63163729	4.37326824
3.97932513	2.58404798	8.30439268	6.01568404	3.91789873	5.97426723	1.78231226	1.41871207	2.56702931	4.30764853	1.72343442	5.54273653	2.04781200	9.90359804	1.23256998	0.51821461	0.75995134	4.25229911	2.16685442	6.19081292	9.13849628	2.68898473	2.72092018	0.50790335	8.66461550	7.10385948	4.11908645	0.71504830	9.65310435	3.75941306	8.01047911	5.12857652	3.81612037	4.46658672	2.61421715	1.50027869	8.31912611	0.00000000	1.93830133	1.53892033	5.51342013	7.87491612	8.45293579	1.71737104	0.87860061	1.55101304	5.67224823	4.96457483	3.11247292	2.80385454	6.63261597	7.96703743	0.90874559	4.12782303	0.93842168	0.93926433	6.64139754	9.40194132	5.35933263	6.81306408	9.67560434	5.98224704	5.34298368
2.55284825	0.83102319	6.51595726	4.23382018	3.71123422	4.80112986	1.12888323	1.40563133	0.69954126	2.85252453	3.17841891	3.88575260	2.27123538	8.06580447	1.91357513	2.36894759	2.37600356	2.60232078	0.37676080	5.19220947	7.49347973	2.66848269	2.27092923	2.36912856	6.81100576	5.47136193	2.87619218	1.22425079	7.82112273	2.60234103	6.18096299	3.63778544	2.17096763	3.17894517	3.65357190	2.64072331	6.58207349	1.93830133	0.00000000	1.04897019	4.36919376	6.12298070	6.64876066	0.53531436	2.81689486	3.45631893	4.93877627	3.35193949	3.35884189	3.54159705	5.08286576	6.22216491	1.41407033	4.00429433	1.47771132	2.01068711	4.76498620	7.58196845	4.22356858	5.33359834	7.82752838	4.12084880	4.39017773
2.44052734	1.23872327	6.81133921	4.53266390	2.83998132	4.48273606	0.25300990	0.37400181	1.33482985	2.76891193	2.26452008	4.01980186	1.23059917	8.43460554	0.93981780	2.05552056	1.64114157	2.74087689	0.99100217	4.75455212	7.60422154	1.69417436	1.43018129	2.04625006	7.21279309	5.57095699	2.59423864	1.03791108	8.18075043	2.24364945	6.54285002	3.58971782	2.31236471	2.93890182	2.62165034	1.67642428	6.80558148	1.53892033	1.04897019	0.00000000	4.02531157	6.36790694	6.96751618	0.51945293	2.32915620	2.81743558	4.33764597	3.43686304	2.35148748	2.49263442	5.09404768	6.45718033	0.66446022	3.11208130	0.67714482	1.14650476	5.22622879	7.92249671	3.87187365	5.27539346	8.21523046	4.55773908	3.91298036
1.87108795	3.58441569	4.06589297	2.63542637	2.52195645	0.46157186	3.77230422	4.09512701	3.80397768	1.65023493	5.33861188	1.88173447	3.74152140	5.70349061	4.42787043	6.02775570	5.31789658	2.18587449	3.99513442	0.89594008	4.16589488	3.21609003	2.87497140	6.01504177	4.78249865	2.44407797	1.49304840	5.05877262	5.44794255	1.79670098	4.10096401	1.26349727	2.44246086	1.20751067	4.80452877	4.79710649	3.81299391	5.51342013	4.36919376	4.02531157	0.00000000	3.53768195	4.27565250	4.11316848	6.16697762	6.40946721	1.29167173	1.75358936	3.43480342	4.27320528	1.82080028	3.57236059	4.60558555	2.65800953	4.57598734	4.77877199	3.61136415	5.15614693	0.15409147	1.71908445	5.57800978	3.18332183	0.57789338
4.01423678	5.33494462	0.52826858	1.89158690	5.96085884	3.31146512	6.15033471	6.60725348	5.42362792	3.70299815	8.29852272	2.36611956	6.65803068	2.19646167	7.11171024	8.37491672	7.96798552	3.62723420	5.79299514	3.86102772	1.58201794	6.31507464	5.79253757	8.36936263	1.29342339	1.09947745	4.10150019	7.23049071	1.93618396	4.45938780	0.74335617	2.96402809	4.05988927	3.79185263	8.01909948	7.68922474	0.46973497	7.87491612	6.12298070	6.36790694	3.53768195	0.00000000	0.73856109	6.17281574	8.69657196	9.14721406	4.70296245	2.95597595	6.73796593	7.53554782	1.71812390	0.11254433	7.03227024	6.14475304	7.03916863	7.42672088	1.75253221	1.64874397	3.61656037	1.91873260	2.04710258	2.16360262	4.10907996
4.66680351	5.88582156	0.21358242	2.43759519	6.68678586	4.04838887	6.75877106	7.22413809	5.95337435	4.36504878	8.95577158	3.01791289	7.32334496	1.49393893	7.74333834	8.94464028	8.58560180	4.23359962	6.33479996	4.58927044	1.63136187	7.00412694	6.46824820	8.94021254	0.61699932	1.83765036	4.78817899	7.79105739	1.23350792	5.13866952	0.53108720	3.65714682	4.65558323	4.48890742	8.71161970	8.34193283	0.64473140	8.45293579	6.64876066	6.96751618	4.27565250	0.73856109	0.00000000	6.73966540	9.28979978	9.76722941	5.43877879	3.60273284	7.44670646	8.23612016	2.45661305	0.71856750	7.63131221	6.87539523	7.64297247	8.04992362	2.00903049	0.95955149	4.35311122	2.64881658	1.32081047	2.56419594	4.84749896
2.38587135	0.86959524	6.59394678	4.30377395	3.22570649	4.55995434	0.60057517	0.88672479	0.89265737	2.70599299	2.72949706	3.86470705	1.73596080	8.18676169	1.42614654	2.20510654	2.00692077	2.56693784	0.50709727	4.89704349	7.47676801	2.14583297	1.78562484	2.20055519	6.94728336	5.44223452	2.63288196	1.05912380	7.93668400	2.31784883	6.29384725	3.52005263	2.12707592	2.96046347	3.13862259	2.16316705	6.62198199	1.71737104	0.53531436	0.51945293	4.11316848	6.17281574	6.73966540	0.00000000	2.57587519	3.14808688	4.56858320	3.29955709	2.82905063	3.00985407	5.00624287	6.26705987	1.00301305	3.51213759	1.05030583	1.57452961	4.92743829	7.68677254	3.96280427	5.22301611	7.95827678	4.26633603	4.07252686
4.74884617	3.44542591	9.13653032	6.85262945	4.30937361	6.62816352	2.55391760	2.12441382	3.43986502	5.07669041	1.49162538	6.34812535	2.49946806	10.74939047	1.74150382	0.56455466	0.87239262	5.06933865	3.03920587	6.78191832	9.92097815	3.12675045	3.30386631	0.55057846	9.51694252	7.89136037	4.83783944	1.59321690	10.49723821	4.46826022	8.85613404	5.89272839	4.63843346	5.18760065	2.52538453	1.61173212	9.13473452	0.87860061	2.81689486	2.32915620	6.16697762	8.69657196	9.28979978	2.57587519	0.00000000	0.74810161	6.18208520	5.76369113	3.38611228	2.87024852	7.39768623	8.78618483	1.66551370	4.47243554	1.66457708	1.39009150	7.50310614	10.24241393	6.01357881	7.55455882	10.52505501	6.84092461	5.93812393
5.14908988	4.00921488	9.60512649	7.33913035	4.33002508	6.86587357	3.01178395	2.54309147	4.03530461	5.47186410	1.23142283	6.78333026	2.66872212	11.24227702	2.04535100	1.31258830	1.18190670	5.53364964	3.63722069	6.94948177	10.30352972	3.23949630	3.54005182	1.29829113	10.02737544	8.28988435	5.17385137	2.25256868	10.98697508	4.79942483	9.35305214	6.27225781	5.11575574	5.52092197	2.23237623	1.63043290	9.57327836	1.55101304	3.45631893	2.81743558	6.40946721	9.14721406	9.76722941	3.14808688	0.74810161	0.00000000	6.27427190	6.19387321	3.34070086	2.68067517	7.76661468	9.23207954	2.16694049	4.44596684	2.14183973	1.72072422	8.04264991	10.72488451	6.25872236	7.89058147	11.02665970	7.37472526	6.12044866
2.74537142	4.25384563	5.22571268	3.92665003	1.97701463	1.39353910	4.09705251	4.29442407	4.49724115	2.64064206	5.09559760	3.16501505	3.68351326	6.80828587	4.47343245	6.16032311	5.30970678	3.23386863	4.58877343	0.92483301	5.07095030	3.05815748	2.95865724	6.14428941	5.97919708	3.60533831	2.26178617	5.35930035	6.55998301	2.40021149	5.31765889	2.50082235	3.37308503	2.13177941	4.35328241	4.64988619	4.92008599	5.67224823	4.93877627	4.33764597	1.29167173	4.70296245	5.43877879	4.56858320	6.18208520	6.27427190	0.00000000	2.96475786	2.99515974	3.80494147	3.00099280	4.72235589	4.80273347	1.96087203	4.75357758	4.81591193	4.90275311	6.26901404	1.30090899	2.79608240	6.70941486	4.46747389	0.77707852
1.06414356	2.52386586	3.42861511	1.27884775	3.36904525	1.98538705	3.21016791	3.65821795	2.67099000	0.77267350	5.35305820	0.58989933	3.72286968	5.09413789	4.15598161	5.47419111	5.01656776	0.75004568	2.98950829	2.61701794	4.17864726	3.44063227	2.88016202	5.46693765	3.94011430	2.14329450	1.26218288	4.35487954	4.83474658	1.57195284	3.23882437	0.49643054	1.18338948	1.05711749	5.14725565	4.73981052	3.37958741	4.96457483	3.35193949	3.43686304	1.75358936	2.95597595	3.60273284	3.29955709	5.76369113	6.19387321	2.96475786	0.00000000	3.95648348	4.69950536	1.73253621	3.03889172	4.09854807	3.62271976	4.10027010	4.47315291	2.22401802	4.56180090	1.68984091	2.01000369	4.89929511	1.63626837	2.18769806
2.97102416	3.14435833	7.25213683	5.23533032	1.01818452	3.85002425	2.23012848	2.07802273	3.35911420	3.19687107	2.12611920	4.49130959	1.15654029	8.93286885	1.90723753	3.51564778	2.54447698	3.58721729	3.17121865	3.77135829	7.58232266	0.71582458	1.28913093	3.49613263	7.85366104	5.71411202	2.69769164	3.09603530	8.67207453	2.39484784	7.14719551	3.79685002	3.34096677	2.96580589	1.38183607	1.77646601	7.09157535	3.11247292	3.35884189	2.35148748	3.43480342	6.73796593	7.44670646	2.82905063	3.38611228	3.34070086	2.99515974	3.95648348	0.00000000	0.84031645	5.11105537	6.79788011	2.44659434	1.10529878	2.37050745	2.17337412	6.15840078	8.38632952	3.30291406	5.11173457	8.76647581	5.52388540	3.00834609
3.67506637	3.51938172	8.04490777	5.97431188	1.83602701	4.69020445	2.45385033	2.14528313	3.70086635	3.92937837	1.45128296	5.25286591	1.29910040	9.72649834	1.75999934	3.11633062	2.11547385	4.26123553	3.43720581	4.60333349	8.41392102	1.27099811	1.87166024	3.09537323	8.62480272	6.52688739	3.45705097	2.98014060	9.46554132	3.12755717	7.91913646	4.57919932	3.96611242	3.74721666	0.54859500	1.31428334	7.89945046	2.80385454	3.54159705	2.49263442	4.27320528	7.53554782	8.23612016	3.00985407	2.87024852	2.68067517	3.80494147	4.69950536	0.84031645	0.00000000	5.92974450	7.59887427	2.35644724	1.86203777	2.27451644	1.90787925	6.86969443	9.18176747	4.13995060	5.94216451	9.55330176	6.22085386	3.84796532
2.65368145	4.25334522	2.24601719	1.48940981	4.28139535	1.60783653	4.85475634	5.27375847	4.40352611	2.32521570	6.81785492	1.25887909	5.17106234	3.88683478	5.72295316	7.14792384	6.60826026	2.48243899	4.71802567	2.20332271	2.53853543	4.75568637	4.28512723	7.13924338	2.97978934	0.62386790	2.59823497	6.05263689	3.63005988	2.97223629	2.31818927	1.50547181	2.91208521	2.25715508	6.43508696	6.22829280	2.00274385	6.63261597	5.08286576	5.09404768	1.82080028	1.71812390	2.45661305	5.00624287	7.39768623	7.76661468	3.00099280	1.73253621	5.11105537	5.92974450	0.00000000	1.75159593	5.74422988	4.44937880	5.73657217	6.05843511	2.22456833	3.33857657	1.90518559	0.40658782	3.75739527	2.09383416	2.39098751
4.09440464	5.43162931	0.50498731	1.99332191	6.01071424	3.33351021	6.23819861	6.69341092	5.52269263	3.78107339	8.37545745	2.44907037	6.73334013	2.14367591	7.19481037	8.46808808	8.05357548	3.71724615	5.89053769	3.87070354	1.46994055	6.38318283	5.86522291	8.46237922	1.30086511	1.12856087	4.17172086	7.32519457	1.88463470	4.53176477	0.80146237	3.03324823	4.15121539	3.85849860	8.08544559	7.76744132	0.36272099	7.96703743	6.22216491	6.45718033	3.57236059	0.11254433	0.71856750	6.26705987	8.78618483	9.23207954	4.72235589	3.03889172	6.79788011	7.59887427	1.75159593	0.00000000	7.12139354	6.19039954	7.12749294	7.51140310	1.86463457	1.59477112	3.65512228	1.93051625	2.00591708	2.27439080	4.14110858
3.09132100	1.84719035	7.47560028	5.19580931	3.13191167	5.06623235	0.89068732	0.51478093	1.89512844	3.41973524	1.76588741	4.68263499	1.30021502	9.09691532	0.59701881	1.42570812	1.00646583	3.40531669	1.50790608	5.29267714	8.26088128	1.90819967	1.84408996	1.41416215	7.87237630	6.22916654	3.21329056	0.64966701	8.84342249	2.85186006	7.20464460	4.23881344	2.97657688	3.56152719	2.34505193	1.25712098	7.46945953	0.90874559	1.41407033	0.66446022	4.60558555	7.03227024	7.63131221	1.00301305	1.66551370	2.16694049	4.80273347	4.09854807	2.44659434	2.35644724	5.74422988	7.12139354	0.00000000	3.37013922	0.08195684	0.59831569	5.87734561	8.58587602	4.45151239	5.91500163	8.87636353	5.21033904	4.44535525
2.81864296	3.57968506	6.67081366	4.86446008	0.30987653	3.01456796	2.92753664	2.92441781	3.82189549	2.94394937	3.22878753	4.07593262	2.08665966	8.33285257	2.89684167	4.56275133	3.61704810	3.46068695	3.73880472	2.80987246	6.81198580	1.46204398	1.73345328	4.54407761	7.33932271	5.07111513	2.40623829	4.00396252	8.07463624	2.22921670	6.63880943	3.33861889	3.34291880	2.56615470	2.40693815	2.87071508	6.45205245	4.12782303	4.00429433	3.11208130	2.65800953	6.14475304	6.87539523	3.51213759	4.47243554	4.44596684	1.96087203	3.62271976	1.10529878	1.86203777	4.44937880	6.19039954	3.37013922	0.00000000	3.30218438	3.20003301	5.83943609	7.78397049	2.55221397	4.37703563	8.19179483	5.25650577	2.14365802
3.08540439	1.88273015	7.48569845	5.20896846	3.06693566	5.03704001	0.89014217	0.48089424	1.93987598	3.41354039	1.70070885	4.68579915	1.22732811	9.11131663	0.51507003	1.45182323	0.97125435	3.41347045	1.55698920	5.25428859	8.25699526	1.84081786	1.79546922	1.43931835	7.88992714	6.22683312	3.19499869	0.72732729	8.85727658	2.83110399	7.21977538	4.23114821	2.98739925	3.54391181	2.26494390	1.18195796	7.47439324	0.93842168	1.47771132	0.67714482	4.57598734	7.03916863	7.64297247	1.05030583	1.66457708	2.14183973	4.75357758	4.10027010	2.37050745	2.27451644	5.73657217	7.12749294	0.08195684	3.30218438	0.00000000	0.53320174	5.90082330	8.59846616	4.42189605	5.90217557	8.89228799	5.23291738	4.40660707
3.43019131	2.38214794	7.88632788	5.62606727	3.00179136	5.23969024	1.30953208	0.83094522	2.45703025	3.75416203	1.16790895	5.06260942	1.14091438	9.52802058	0.35141908	1.36597176	0.55005929	3.81726665	2.08149135	5.39446454	8.59241198	1.78279814	1.91394612	1.34796330	8.32006819	6.57364652	3.47590009	1.10874365	9.27197913	3.10301177	7.64124202	4.55920240	3.40435648	3.82504471	1.80925720	0.68411527	7.85259672	0.93926433	2.01068711	1.14650476	4.77877199	7.42672088	8.04992362	1.57452961	1.39009150	1.72072422	4.81591193	4.47315291	2.17337412	1.90787925	6.05843511	7.51140310	0.59831569	3.20003301	0.53320174	0.00000000	6.35473104	9.00824057	4.62559097	6.19656111	9.31523620	5.68476080	4.54962240
3.19567972	4.05823820	1.93882540	0.99139601	5.59125151	3.60621210	5.04520485	5.52476612	4.08648014	2.96337880	7.36129340	1.78695203	5.79233967	3.32137370	6.07886788	7.11227023	6.86711513	2.62272687	4.48185687	4.27176503	3.33454469	5.59952140	5.01058861	7.11002817	2.05607342	1.95341932	3.48080849	5.95235401	3.08665915	3.76360095	1.48903631	2.52439140	2.98161056	3.27506837	7.28608437	6.73968573	2.19749403	6.64139754	4.76498620	5.22622879	3.61136415	1.75253221	2.00903049	4.92743829	7.50310614	8.04264991	4.90275311	2.22401802	6.15840078	6.86969443	2.22456833	1.86463457	5.87734561	5.83943609	5.90082330	6.35473104	0.00000000	2.87150500	3.61832245	2.61884952	3.07301997	0.67047784	4.16178685
5.62575720	6.82916262	1.13846230	3.39017014	7.60548254	4.89307799	7.71540772	8.18185672	6.88939547	5.32280760	9.91484600	3.97619096	8.28132046	0.54896279	8.70245509	9.89088924	9.54311712	5.19133228	7.27441796	5.38896392	1.72834289	7.95554463	7.42396526	9.88681356	0.87312158	2.71492314	5.73989140	8.73523586	0.29193745	6.09301643	1.40201549	4.60549915	5.61144749	5.43578950	9.66174886	9.30127899	1.34972894	9.40194132	7.58196845	7.92249671	5.15614693	1.64874397	0.95955149	7.68677254	10.24241393	10.72488451	6.26901404	4.56180090	8.38632952	9.18176747	3.33857657	1.59477112	8.58587602	7.78397049	8.59846616	9.00824057	2.87150500	0.00000000	5.24374811	3.47624814	0.46438088	3.47269556	5.71968028
1.73834605	3.44278103	4.14472552	2.63489842	2.40461768	0.61551156	3.61887229	3.94103554	3.66436774	1.53039641	5.19209147	1.86516066	3.59128148	5.79191999	4.27476382	5.87366543	5.16511624	2.08024572	3.85010027	1.01204948	4.28760223	3.07052800	2.72296132	5.86095390	4.84922219	2.52897014	1.34769375	4.90567031	5.53524546	1.64553989	4.16217738	1.20979760	2.32017481	1.07250876	4.66889566	4.64795970	3.90484137	5.35933263	4.22356858	3.87187365	0.15409147	3.61656037	4.35311122	3.96280427	6.01357881	6.25872236	1.30090899	1.68984091	3.30291406	4.13995060	1.90518559	3.65512228	4.45151239	2.55221397	4.42189605	4.62559097	3.61832245	5.24374811	0.00000000	1.82943859	5.66088277	3.16726712	0.54357528
2.84355638	4.50259575	2.43527810	1.89442028	4.23390714	1.41751739	5.03079915	5.43166935	4.66650848	2.51878814	6.90108667	1.59888836	5.26184886	4.01860714	5.85504091	7.33052876	6.74636258	2.75093405	4.96347891	1.94232878	2.47206411	4.80850987	4.37380148	7.32087893	3.20840296	0.84285872	2.72066129	6.25725693	3.76779029	3.09388570	2.58052094	1.70350980	3.16748980	2.37166489	6.46042725	6.32450335	2.12652122	6.81306408	5.33359834	5.27539346	1.71908445	1.91873260	2.64881658	5.22301611	7.55455882	7.89058147	2.79608240	2.01000369	5.11173457	5.94216451	0.40658782	1.93051625	5.91500163	4.37703563	5.90217557	6.19656111	2.61884952	3.47624814	1.82943859	0.00000000	3.91377250	2.50017849	2.26075487
5.96248742	7.09441058	1.52148808	3.68937206	8.00604831	5.32803080	8.01487688	8.48603508	7.14119384	5.66711821	10.24707809	4.32022958	8.62205232	0.27791312	9.01631383	10.15755663	9.84496684	5.50043878	7.53163739	5.83602508	2.16837725	8.31680762	7.77431043	10.15427852	1.01742567	3.13393463	6.10156426	8.99882077	0.23031415	6.44822682	1.67399959	4.97418797	5.91144839	5.80639114	10.02522033	9.63052695	1.79122510	9.67560434	7.82752838	8.21523046	5.57800978	2.04710258	1.32081047	7.95827678	10.52505501	11.02665970	6.70941486	4.89929511	8.76647581	9.55330176	3.75739527	2.00591708	8.87636353	8.19179483	8.89228799	9.31523620	3.07301997	0.46438088	5.66088277	3.91377250	0.00000000	3.70668057	6.14553018
2.55375560	3.39820147	2.45903874	0.61412718	4.99773718	3.25165930	4.37527056	4.85463151	3.43570187	2.34096471	6.69173092	1.30251590	5.12796445	3.94624917	5.40839123	6.45743737	6.19830876	1.96372489	3.82820602	3.92518179	3.71255300	4.94989145	4.35632762	6.45474766	2.69036712	2.01622284	2.86954841	5.29767211	3.70392124	3.13278046	2.07146787	2.00271539	2.31318694	2.69289338	6.62911208	6.07012482	2.63163729	5.98224704	4.12084880	4.55773908	3.18332183	2.16360262	2.56419594	4.26633603	6.84092461	7.37472526	4.46747389	1.63626837	5.52388540	6.22085386	2.09383416	2.27439080	5.21033904	5.25650577	5.23291738	5.68476080	0.67047784	3.47269556	3.16726712	2.50017849	3.70668057	0.00000000	3.70427892
2.04146299	3.65307705	4.63700189	3.17759934	2.04385674	0.87108284	3.66289876	3.93057441	3.88817277	1.89946699	5.00164872	2.40369137	3.46065872	6.26591628	4.19892545	5.84876400	5.07397790	2.48417148	4.02585652	0.84786592	4.67039941	2.88624782	2.63758780	5.83451699	5.35888752	3.01260060	1.58137949	4.95026520	6.01160777	1.79179069	4.67855789	1.72569942	2.65960523	1.39691901	4.38958736	4.49266699	4.37326824	5.34298368	4.39017773	3.91298036	0.57789338	4.10907996	4.84749896	4.07252686	5.93812393	6.12044866	0.77707852	2.18769806	3.00834609	3.84796532	2.39098751	4.14110858	4.44535525	2.14365802	4.40660707	4.54962240	4.16178685	5.71968028	0.54357528	2.26075487	6.14553018	3.70427892	0.00000000

EDGE_KM_T
0.00000000	1.80322473	6.28532948	3.05566880	2.95053632	2.47598364	3.04396986	3.69090192	2.01891083	0.45331499	5.98849276	2.31327013	3.65991878	8.55540874	4.39238126	6.13624084	5.61455930	0.74029425	2.42291881	3.40867780	7.23664423	3.03857879	2.40629798	6.13120031	6.79339205	4.42683755	0.69846287	4.49800299	8.20242347	0.64524665	5.87939625	1.56903926	0.88645075	0.82165842	5.33485176	5.15366781	6.25892644	5.44875104	2.83455573	3.34691285	2.20736961	5.65270151	6.50241047	3.02136946	6.63552717	7.27995190	3.83178924	1.48004720	3.39030041	4.57853709	3.65287250	5.77480518	4.28658264	3.38087174	4.29961108	4.84614242	3.90438875	7.84725814	2.10764197	3.76043467	8.22793923	2.98975055	2.75746298
1.80321104	0.00000000	8.08778681	4.85843862	4.62239592	4.14832023	1.24050857	1.88735078	0.34651442	2.25648920	4.18455356	4.11620632	2.54071593	10.35755454	2.58871282	4.33256159	3.81079690	2.33122271	0.61965280	5.08089665	9.03920892	3.20466470	2.61922375	4.32751847	8.59568816	6.22963098	2.37076865	2.69450478	10.00461745	2.31750284	7.68183019	3.37213046	1.72636796	2.49400144	3.95867019	3.34984488	8.06145650	3.64511716	1.03128205	1.54343979	3.87967206	7.45526660	8.30482311	1.21799942	4.83173041	5.47599981	5.50383431	3.28307483	4.15385702	4.13180338	5.45579122	7.57736817	2.48301297	5.05267764	2.49602799	3.04244771	5.70695295	9.64951129	3.77993458	5.56340125	10.03009656	4.79243663	4.42964461
6.28649336	8.08973924	0.00000000	3.23014326	8.31599717	4.23240631	9.33084961	9.97792040	8.15574445	5.83312152	12.27611040	3.97279884	9.94714400	2.27056037	10.67958086	12.42345712	11.90190397	5.75814393	8.70949706	4.42487595	1.97722263	9.32581089	8.69333328	12.41842059	1.03252363	1.85901096	6.30438323	10.78493977	1.91750069	6.83144067	0.62938327	4.71726906	6.36312083	5.82527696	11.62257681	11.44110593	0.66865826	11.73589728	9.12114584	9.63381080	4.82736862	0.63279439	0.21715000	9.30810834	12.92292489	13.56758943	5.66239994	4.80616295	9.67774275	10.86616790	2.63316948	0.51068749	10.57362976	8.39879032	10.58667892	11.13338258	2.38110579	1.56224398	5.02113853	2.52568121	1.94307305	3.29593220	5.43172967
3.05590940	4.85914160	3.22983111	0.00000000	5.08489269	3.63611071	6.10001570	6.74699675	4.92517613	2.60257433	9.04479916	0.84729317	6.71608662	5.50008029	7.44854004	9.19240552	8.67076931	2.52769257	5.47885819	4.56886907	4.18108731	6.09474906	5.46239875	9.18736640	3.73798161	1.59674575	3.07372439	7.55406897	5.14706874	3.60073230	2.82391063	1.58409983	3.13262151	2.59465532	8.39119609	8.20991082	3.20338840	8.50489098	5.89049929	6.40296512	3.36751531	2.59714437	3.44693647	6.07736556	9.69175592	10.33626533	4.99207527	1.57576218	6.44654491	7.63484814	2.01989317	2.71924918	7.34268759	5.16763221	7.35572334	7.90231553	1.11590645	4.79187114	3.26779303	2.58471715	5.17260449	0.86601568	3.91767454
2.95067452	4.62303794	8.31436659	5.08462310	0.00000000	4.08298086	3.60359012	3.39202552	4.96958950	2.84914002	3.95984852	4.34218033	2.08173965	10.58452839	2.97271983	4.61332170	3.58586816	3.69100396	4.84828707	3.89066180	9.26565289	1.41778524	2.00338746	4.58353443	8.82247187	6.45578559	2.25219178	4.70477643	10.23153035	2.30539485	7.90843955	3.59790837	3.83714774	2.49010199	3.30622598	3.12499273	8.28794428	4.35929938	5.18659549	3.79399856	3.48806223	7.68171007	8.53145942	4.45276589	4.60684515	5.25131108	2.65336005	3.50893317	1.36162605	2.54989511	5.68178734	7.80381429	3.81055621	0.43034966	3.69536085	3.17546774	5.93339753	9.87634935	3.29430491	5.78933682	10.25705582	5.01872704	2.88385569
2.47604116	4.14839036	4.23221377	3.63647841	4.08347584	0.00000000	5.09839360	5.74544272	4.49497239	2.37454487	8.04353917	2.78905920	5.71463404	6.50269891	6.44707489	8.19094856	7.66937536	3.21650838	4.47708814	0.93284757	5.18338865	5.09329986	4.46085298	8.18591140	4.74048638	2.37328394	2.07196948	6.55247485	6.14965087	2.59901496	4.02228199	2.05213512	3.36260232	1.65433360	7.38998883	7.20856273	4.20571596	7.50339965	4.88873506	5.40135194	0.59495407	3.59944540	4.44935298	5.07567433	8.69038800	9.33501511	1.42992333	2.74858812	5.44519889	6.63359462	1.61647244	3.72155180	6.34114761	4.16625605	6.35419353	6.90087028	4.75254061	5.79440845	0.78872160	1.70665548	6.17521438	4.50255751	1.19928598
3.04370366	1.24049350	9.32823139	6.09890313	3.60323013	5.09790584	0.00000000	0.64683649	1.36564602	3.49697949	2.94401456	5.35668144	1.52155314	11.59797925	1.34819105	3.09203914	2.57026915	3.57170688	1.24443746	4.90574325	10.27966034	2.18550162	1.60006879	3.08699586	9.83612245	7.47009699	3.02600929	1.45399386	11.24504523	2.49908116	8.92227328	4.61261545	2.96685519	3.50501843	2.93948679	2.10931328	9.30190572	2.40459760	1.58275609	0.30293047	4.50303259	8.69571806	9.54526484	0.84905452	3.59120048	4.23545999	4.48468033	4.52355577	3.13468527	3.11262386	6.69626522	8.81781949	1.24249749	4.03350843	1.25551166	1.80192427	6.94740435	10.88994285	4.30928835	6.80387830	11.27052200	6.03289580	3.89898659
3.69049753	1.88728909	9.97493080	6.74564170	3.39176225	5.74470525	0.64682523	0.00000000	1.82120364	4.14376874	2.29712946	6.00344087	1.31009117	12.24463961	0.70133987	2.44518660	1.92340619	4.21848411	1.45584693	5.55255741	10.92637321	1.97403909	1.38862223	2.44014300	10.48280166	8.11683853	3.67281255	1.31267395	11.89171163	3.14589063	9.56896976	5.25939430	3.61363844	4.15181703	2.72798426	1.46244274	9.94861425	1.75775074	1.79416652	0.40185951	5.14983628	9.34243098	10.19195865	1.06047703	2.94433322	3.58857327	4.31550837	5.17032666	2.92320568	2.90112898	7.34302246	9.46453215	0.59565868	3.82203382	0.60867117	1.15506980	7.59411716	11.53661667	4.95609327	7.45064153	11.91718381	6.67962389	4.54580541
2.01889331	0.34651093	8.15377908	4.92446799	4.96884661	4.49482755	1.36563139	1.82122863	0.00000000	2.32256659	4.11838534	4.18225545	2.88717221	10.42350983	2.52257674	4.26642423	3.74464967	2.39728871	0.55356451	5.42738999	9.10521394	3.55112045	2.96569463	4.26138081	8.66166129	6.29566316	2.71727231	2.62838892	10.07057845	2.66400062	7.74781969	3.43819799	1.79243966	2.84050953	4.30508803	3.28369046	8.12745741	3.57898519	0.96519284	1.47732692	4.22617532	7.52127167	8.37081008	1.15189878	4.76557910	5.40983006	5.85030702	3.34913482	4.50029660	4.47822846	5.52183828	7.64337299	2.41688862	5.39912195	2.42990205	2.97630851	5.77295791	9.71547933	4.12643667	5.62945398	10.09605321	4.85845607	4.77613353
0.45332086	2.25654778	5.83212892	2.60241836	2.84908112	2.37445230	3.49733066	4.14427706	2.32259364	0.00000000	6.44192984	1.85999313	4.11331530	8.10225791	4.84577512	6.58963643	6.06796816	0.84185383	2.87624845	3.30716525	6.78342653	3.49197602	2.85967487	6.58459631	6.34021722	3.97358334	0.59693644	4.95136969	7.74926495	0.99809574	5.42619942	1.11573752	0.98800266	0.72012605	5.78829995	5.60708633	5.80571427	5.90213939	3.28788660	3.80027554	2.10584373	5.19948375	6.04921705	3.47471570	7.08894152	7.73339104	3.73030443	1.02675562	3.84371937	5.03197553	3.19959830	5.32158775	4.73996075	3.27942510	4.75299133	5.29954048	3.45117113	7.39409018	2.00611766	3.30715283	7.77478656	2.53651348	2.65595637
5.98744099	4.18423604	12.27168165	9.04247242	3.95949460	8.04165998	2.94383261	2.29703034	4.11814309	6.44070279	0.00000000	8.30031409	2.32820687	14.54131082	1.59572043	2.63108918	1.31503477	6.51539365	3.56460159	7.84954223	13.22315149	2.94955330	3.58165000	2.60130634	12.77951129	10.41367527	5.96977516	2.72223442	14.18839515	5.44286591	11.86571463	7.55630714	5.91056024	6.44877012	1.31829338	0.83465702	12.24538368	2.37698930	3.20366963	2.64090663	7.44679974	11.63920936	12.48869807	2.96630121	2.00776513	1.29144052	6.61253757	7.46722325	2.59802837	1.49145369	9.63989122	11.76131000	1.82813638	3.87686192	1.71296396	1.19326166	9.89089532	13.83331532	7.25305924	9.74752252	14.21385796	8.97643320	6.84279974
2.31342829	4.11666090	3.97233494	0.84729819	4.34242732	2.78882716	5.35754214	6.00452590	4.18269455	1.86009212	8.30234004	0.00000000	5.97361982	6.24259350	6.70607274	8.44993854	7.92830484	1.78520746	4.73637874	3.72158908	4.92358790	5.35228239	4.71992824	8.44489950	4.48049029	2.11364958	2.33124554	6.81159653	5.88958050	2.85825495	3.56641516	0.74432007	2.39013785	1.85217535	7.64873907	7.46744819	3.94589003	7.76242263	5.14802008	5.66049192	2.52023279	3.33964495	4.18944165	5.33488925	8.94929249	9.59380659	4.14480051	0.83327554	5.70408236	6.89238927	1.33961243	3.46174982	6.60021730	4.42516845	6.61325346	7.15984902	1.96321083	5.53438111	2.42051081	1.73742490	5.91511735	1.71331638	3.07039567
3.65953815	2.54080660	9.94426230	6.71485260	2.08168928	5.71372883	1.52161147	1.31014285	2.88732680	4.11282357	2.32836989	5.97258756	0.00000000	12.21409132	0.89096246	2.53157587	1.95457838	4.18757597	2.76609983	5.52153554	10.89566328	0.66394964	1.25352203	2.50179137	10.45219537	8.08604031	3.64182423	2.62283722	11.86114475	3.11488318	9.53831028	5.22848117	3.58271177	4.12084309	1.67467302	1.49363829	9.91791768	2.27750509	3.10441645	1.71203249	5.11884667	9.31172088	10.16130739	2.37068977	2.97551867	3.61981868	4.28441943	5.13943806	1.61316879	1.59113920	7.31217589	9.43382287	1.72869335	2.51198158	1.61351232	1.18621586	7.56340741	11.50602696	4.92509987	7.41977650	11.88663107	6.64886710	4.51476918
8.55753255	10.36078459	2.27070042	5.50098414	10.58727057	6.50346535	11.60200128	12.24911245	10.42677661	8.10414417	14.54747682	6.24371451	12.21839621	0.00000000	12.95082561	14.69470673	14.17319095	8.02912345	10.98056097	6.69598791	2.68426101	11.59706511	10.96453022	14.68967137	1.76231640	4.12986246	8.57545611	13.05610803	0.35308133	9.10253584	2.67658703	6.98825439	8.63412194	8.09633310	13.89397450	13.71242011	2.29724848	14.00712650	11.39221319	11.90496775	7.09844301	2.90354324	2.05353033	11.57921900	15.19422731	15.83896165	7.93359000	7.07711971	11.94905816	13.13753816	4.90407729	2.78143540	12.84483013	10.67008785	12.85788532	13.40463914	4.65185425	0.70836465	7.29221734	4.79661053	0.32749250	5.56673544	7.70285835
4.39180025	2.58859292	10.67617228	7.44690858	2.97262196	6.44601155	1.34814827	0.70133034	2.52250508	4.84506847	1.59576760	6.70472126	0.89095471	12.94585577	0.00000000	1.74384585	1.22205869	4.91977605	1.96895128	6.25387328	11.62762341	1.55490227	1.98594811	1.73880204	11.18403003	8.81810732	4.37412136	1.73179523	12.59293170	3.84720347	10.27020934	5.96068728	4.31493428	4.85312281	2.30882151	0.76109032	10.64986164	1.38652648	2.21326957	1.04522024	5.85114536	10.04368121	10.89319650	1.47958790	2.24298293	2.88721036	5.01683835	5.87161448	2.50405780	2.48197119	8.04430143	10.16578221	0.83768474	3.40288918	0.72250998	0.45372779	8.29536732	12.23784155	5.65740315	8.15192439	12.61840090	7.38088395	5.24712431
6.13518997	4.33199598	12.41882772	9.18986845	4.61318885	8.18944428	3.09178179	2.44505139	4.26587954	6.58842232	2.63088121	8.44784322	2.53156753	14.68820771	1.74383533	0.00000000	1.31598789	6.66303643	3.71239455	7.99742072	13.37038344	3.19551075	3.72967976	0.02978077	12.92652841	10.56109019	6.11758410	1.63783154	14.33533058	5.59071452	12.01284200	7.70396025	6.05824143	6.59654927	3.94911893	2.35507098	12.39258794	0.68738798	3.30077486	2.78886522	7.59461135	11.78644163	12.63580840	3.11417740	0.62323003	1.46254438	6.76055509	7.61482551	4.14453362	4.12232808	9.78740636	11.90854060	1.84941228	5.04340375	1.83641396	1.43781514	10.03812689	13.98029808	7.40087873	9.89507595	14.36076408	9.12376225	6.99070800
5.61361350	3.81041226	11.89764999	8.66852541	3.58580831	7.66784446	2.57007292	1.92329499	3.74431136	6.06686533	1.31498686	7.92641215	1.95450779	14.16719479	1.22201687	1.31603188	0.00000000	6.14153020	3.19078900	7.47575860	12.84914892	2.57585544	3.20791760	1.28624974	12.40543597	10.03973466	5.59596798	1.40712807	13.81429217	5.06907216	11.49167664	7.18244719	5.53670980	6.07495285	2.63326139	1.03911512	11.87137173	1.06191971	2.77916524	2.26715013	7.07299346	11.26520690	12.11465432	2.59251681	1.02090894	1.66506723	6.23880103	7.09334608	2.82857920	2.80643824	9.26598455	11.38730697	1.32764607	3.72742828	1.31464065	0.76830077	9.51689262	13.45922837	6.87925563	9.37362881	13.83974505	8.60246351	6.46902619
0.74028615	2.33136023	5.75714716	2.52750554	3.69079066	3.21626709	3.57209091	4.21901749	2.39741257	0.84183266	6.51658464	1.78511702	4.18802618	8.02720742	4.92048967	6.66434859	6.14266197	0.00000000	2.95105179	4.14895406	6.70846846	3.56668592	2.93441289	6.65930790	6.26519990	3.89867573	1.43874444	5.02612180	7.67422509	1.38552519	5.35121250	1.16435564	0.60489983	1.56194226	5.86293939	5.68176679	5.73074856	5.97686156	3.36268824	3.87503319	2.94765098	5.12452577	5.97422543	3.54949609	7.16362775	7.80804299	4.57205490	0.95189968	3.91839922	5.10662845	3.12471833	5.24662930	4.81469708	4.12112279	4.82772470	5.37424922	3.37621294	7.31906337	2.84792274	3.23228342	7.69973861	2.46158218	3.49773697
2.42285047	0.61964276	8.70724296	5.47797076	4.84758393	4.47706057	1.24440242	1.45583149	0.55355572	2.87611968	3.56473707	4.73577892	2.76591540	10.97693493	1.96896216	3.71280831	3.19102340	2.95082986	0.00000000	5.30617201	9.65869117	3.42986308	2.84445313	3.70776456	9.21510510	6.84916886	2.59606515	2.07479552	10.62400956	2.54278728	8.30128065	3.99174075	2.34598679	2.88417200	4.18379094	2.73005666	8.68093034	3.02537491	0.41162738	1.05397621	4.10496774	8.07474896	8.92426839	0.59832132	4.21194856	4.85618019	5.72906742	3.90266966	4.37902229	4.35693897	6.07535957	8.19685002	1.86328633	5.27785259	1.87629808	2.42269067	6.32643509	10.26891779	4.00522787	6.18298123	10.64947975	5.41194841	4.65491092
3.40892319	5.08126948	4.42484992	4.56945436	3.89111108	0.93287264	4.90597116	5.55303942	5.42785776	3.30743474	7.85121849	3.72199974	5.52225924	6.69540136	6.25469656	7.99857252	7.47701703	4.14941868	5.30646698	0.00000000	5.37600194	4.90092601	4.26845199	7.99353592	5.35846586	2.97268571	2.71034670	6.36006028	6.34234307	2.76348776	4.95532944	2.98504266	4.29550240	2.58720760	7.19768295	7.01621729	4.39833663	7.31101396	5.64476581	5.20893201	1.20143489	3.92881749	4.64199864	4.91081570	8.49803699	9.14269717	1.23751908	3.68150919	5.25285403	6.44127575	2.54941670	3.91416545	6.14874825	3.97390272	6.16179703	6.70849754	5.68556033	5.98708805	1.30114762	1.98454628	6.36791437	5.43555129	1.00685266
7.23818643	9.04144384	1.97731300	4.18146490	9.26812897	5.18413655	10.28275336	10.92989979	9.10742434	6.78478360	13.22841648	4.92426054	10.89923610	2.68442532	11.63165899	13.37554436	12.85406121	6.70972523	9.66123642	5.37670532	0.00000000	10.27790675	9.64532183	13.37051001	3.00997235	2.81035248	7.25613941	11.73687460	2.57699749	7.78323859	2.60671595	5.66886124	7.31474256	6.77700178	12.57494147	12.39331413	1.30859351	12.68794632	10.07289165	10.58572446	5.77912761	1.58394368	2.18730476	10.25993527	13.87511106	14.51990637	6.61437560	5.75770162	10.62995325	11.81848116	3.58461646	1.47800164	11.52562475	9.35096732	11.53868521	12.08548283	3.33683347	2.36665348	5.97290580	3.47716848	2.90172303	4.24718335	6.38359036
3.03837152	3.20492812	9.32337440	6.09384914	1.41775543	5.09254586	2.18564550	1.97414366	3.55145917	3.49167055	2.94980581	5.35152256	0.66395129	11.59331864	1.55491989	3.19552930	2.57594892	3.56645843	3.43020608	4.90030904	10.27473567	0.00000000	0.63222559	3.16574384	9.83136709	7.46502812	3.02062988	3.28685760	11.24035425	2.49367049	8.91743103	4.60735886	2.96157648	3.49966250	2.29613468	2.11503122	9.29700288	2.94147530	3.76851986	2.37606217	4.49765108	8.69079313	9.54043602	3.03475755	3.59690192	4.24125937	3.66312865	4.51833926	0.94926951	1.53984644	6.69111737	8.81289589	2.39268730	1.84806759	2.27750130	1.80756136	6.94247998	10.88521457	4.30390064	6.79870027	11.26585412	6.02789460	3.89352892
2.40615065	2.61941945	8.69116369	5.46163421	2.00327091	4.46032440	1.60013366	1.38863060	2.96595091	2.85945018	3.58203647	4.71930539	1.25356917	10.96111213	1.98603861	3.72989365	3.20817721	2.93423935	2.84469686	4.26808599	9.64252351	0.63222731	0.00000000	3.72485204	9.19915856	6.83281287	2.38840800	2.70134526	10.60814709	1.86144794	8.28522063	3.97513960	2.32935675	2.86744112	2.92836627	2.74726032	8.66479118	3.04242289	3.18301054	1.79055017	3.86542916	8.05858097	8.90822591	2.44924693	4.22913067	4.87349020	3.03090327	3.88612086	1.53478625	2.17207722	6.05890043	8.18068375	1.88028145	2.43358379	1.89330425	2.43978874	6.31026783	10.25300661	3.67167858	6.16648269	10.63364746	5.39568081	3.26130536
6.13014835	4.32695422	12.41379366	9.18483126	4.58340858	8.18440222	3.08673766	2.44000636	4.26083808	6.58338107	2.60110302	8.44280435	2.50178680	14.68317677	1.73878912	0.02978080	1.28620793	6.65799614	3.70735238	7.99237747	13.36534830	3.16573005	3.72463462	0.00000000	12.92149596	10.55605276	6.11254173	1.63278704	14.33029916	5.58567165	12.00780817	7.69891983	6.05320066	6.59150727	3.91934144	2.32529163	12.38755315	0.68234212	3.29573261	2.78382098	7.58956895	11.78140649	12.63077479	3.10913418	0.59345042	1.43276632	6.75551010	7.60978573	4.11475429	4.09254997	9.78236767	11.90350547	1.84436706	5.01362402	1.83136861	1.40803450	10.03309175	13.97526606	7.39583623	9.89003678	14.35573302	9.11872590	6.98566438
6.79466698	8.59791079	1.03249933	3.73838340	8.82409220	4.74057328	9.83898550	10.48604274	8.66392043	6.34130069	12.78417421	4.48101390	10.45524615	1.76222618	11.18768550	12.93156014	12.40999445	6.26633756	9.21766239	5.35833418	3.00970577	9.83391237	9.20145398	12.92652322	0.00000000	2.38571940	6.81254555	11.29307009	1.40917376	7.33959551	0.91418789	5.22546075	6.87130723	6.33344489	12.13063013	11.94918728	1.70114663	12.24400714	9.62931001	10.14194491	5.33553044	1.42961552	0.82255193	9.81625799	13.43101019	14.07565130	6.17052295	5.31436422	10.18582369	11.37423042	3.14138717	1.53170581	11.08174930	8.90687725	11.09479644	11.64148326	2.88937692	1.05392597	5.52929886	3.37383764	1.43474059	3.80418496	5.93987326
4.42742169	6.23066558	1.85896209	1.59676590	6.45684978	2.37332823	7.47174158	8.11879932	6.29667506	3.97405521	10.41693294	2.11376712	8.08800346	4.12947715	8.82044273	10.56431742	10.04275219	3.89909156	6.85041741	2.97261792	2.81012666	7.46666971	6.83421061	10.55928052	2.38572204	0.00000000	4.44530067	8.92582637	3.77642448	4.97235090	1.98260172	2.85821481	4.50406148	3.96619981	9.76338925	9.58194536	1.83245730	9.87676417	7.26206506	7.77470105	2.96828558	1.22618338	2.07610559	7.44901357	11.06376812	11.70841010	3.80327950	2.94711794	7.81858178	9.00698920	0.77414030	1.34828997	8.71450598	6.53963513	8.72755319	9.27424063	2.71284784	3.42117638	3.16205405	0.98811918	3.80199151	2.46285304	3.57262906
0.69847754	2.37084191	6.30326585	3.07354398	2.25216083	2.07193537	3.02623006	3.67317971	2.71739144	0.59694049	5.97084655	2.33111274	3.64222280	8.57340610	4.37468202	6.11854372	5.59687846	1.43879779	2.59609390	2.71023196	7.25455958	3.02088368	2.38857791	6.11350370	6.81135998	4.44470811	0.00000000	4.48027043	8.22041140	0.52699058	5.89733719	1.58685152	1.58494489	0.47905605	5.31721918	5.13599883	6.27684857	5.43104504	2.93440286	3.32917536	1.50890740	5.67061678	6.52035559	3.00361180	6.61785307	7.26230821	3.13337743	1.49787191	3.37263196	4.56089255	3.67071854	5.79272086	4.26886407	2.68250676	4.28189514	4.82844833	3.92230419	7.86523449	1.40918169	3.77827134	8.24593433	3.00764213	2.05902442
4.49748632	2.69428623	10.78145973	7.55236129	4.70429345	6.55172097	1.45396670	1.31264166	2.62818286	4.95073506	2.72207799	6.81026196	2.62265113	13.05097848	1.73170520	1.63791215	1.40710594	5.02539190	2.07466642	6.35964497	11.73296764	3.28659633	2.70125724	1.63286696	11.28923223	8.92357252	4.47984707	0.00000000	12.69807989	3.95295541	10.37548443	6.06630997	4.42057552	4.95882882	4.04034669	2.44621599	10.75518756	0.95050397	1.66304331	1.15104489	5.95687283	10.14902565	10.99846032	1.47640294	2.13698707	2.78113234	5.58588005	5.97720354	4.23567984	4.21352866	8.14983289	10.27112555	0.89407269	5.13453226	1.00924035	1.52890306	8.40071130	12.34302103	5.76313583	8.25748116	12.72352970	7.48629238	5.35291568
8.20437940	10.00763047	1.91760048	5.14786214	10.23408062	6.15030908	11.24883046	11.89593528	10.07362456	7.75099362	14.19427226	5.89058076	11.86520960	0.35307793	12.59764017	14.34152053	13.81999887	7.67597968	10.62740393	6.34282333	2.57682589	11.24387818	10.61135229	14.33648498	1.40922785	3.77673879	8.22229767	12.70293460	0.00000000	8.74937389	2.32348875	6.63510970	8.28097477	7.74317729	13.54076503	13.35922376	1.94414342	13.65394350	11.03905561	11.55179610	6.74528433	2.55043570	1.70043355	11.22605462	14.84103281	15.48575618	7.58041315	6.72397951	11.59586162	12.78433300	4.55094477	2.42832801	12.49165166	10.31689411	12.50470590	13.05145184	4.29874677	0.35527914	6.93905796	4.44347464	0.32470858	5.21361936	7.34969114
0.64525025	2.31761690	6.83010985	3.60044014	2.30530115	2.59891254	2.49921850	3.14615315	2.66416153	0.99807464	5.44375523	2.85803667	3.11517390	9.10019810	3.84763589	5.59149578	5.06981665	1.38554833	2.54287578	2.76343223	7.78142150	2.49383403	1.86154954	5.58645533	7.33817707	4.97160821	0.52698231	3.95325270	8.74721144	0.00000000	6.42417729	2.11380132	1.53170345	1.00603215	4.79011624	4.60892691	6.80370470	4.90400467	2.88118602	2.80216184	2.00400197	6.19747877	7.04719213	2.47661546	6.09078552	6.73521474	3.18654870	2.02481110	2.84555959	4.03379980	4.19763955	6.31958249	3.74183442	2.73563812	3.75486325	4.30139781	4.44916603	8.39204440	1.81024698	4.30520033	8.77272825	3.53452431	2.11221849
5.88036491	7.68360672	0.62937630	2.82414615	7.90971359	4.02223571	8.92464668	9.57169072	7.74962067	5.42700404	11.86976519	3.56675221	9.54087446	2.67637172	10.27331625	12.01718930	11.49561139	5.35205500	8.30335225	4.95507663	2.60656697	8.91954002	8.28710036	12.01215200	0.91416764	1.98254698	5.89823247	10.37872584	2.32332639	6.42527515	0.00000000	4.31117629	5.95701761	5.41913729	11.21621089	11.03479534	1.29801292	11.32964296	8.71499874	9.22760435	4.42121687	1.02647666	0.62304078	8.90193256	12.51662209	13.16124039	5.37840466	4.40008910	9.27143134	10.45982015	2.40578226	1.12856725	10.16739455	7.99249075	10.18043972	10.72711015	1.97516989	1.96808729	4.61498384	2.97063979	2.34888784	2.88996002	5.02554195
1.56910796	3.37234054	4.71665363	1.58410882	3.59810588	2.05201547	4.61322128	5.26020485	3.43837426	1.11577187	7.55801816	0.74431973	5.22929848	6.98691150	5.96175144	7.70561721	7.18398334	1.16436383	3.99205829	2.98477714	5.66790683	4.60796104	3.97560716	7.70057817	5.22480863	2.85796900	1.58692506	6.06727559	6.63389861	2.11393436	4.31073380	0.00000000	1.64581770	1.10785494	6.90441705	6.72312656	4.69020888	7.01810141	4.40369961	4.91617103	1.78342103	4.08396388	4.93376024	4.59056858	8.20497092	8.84948469	3.40798821	0.69640662	4.95976072	6.14806738	2.08393213	4.20606874	5.85589621	3.68084690	5.86893234	6.41552766	2.70002102	6.27869935	1.68369903	2.19146686	6.65943538	2.45012684	2.33358365
0.88642727	1.72643913	6.36190245	3.13232835	3.83681918	3.36239867	2.96711870	3.61402586	1.79249781	0.98798173	5.91150917	2.38997578	3.58300563	8.63189539	4.31547270	6.05932928	5.53762470	0.60488946	2.34612177	4.29506021	7.31324694	2.96166440	2.32941891	6.05428804	6.86992034	4.50350364	1.58486936	4.42114160	8.27892347	1.53163940	5.95596273	1.64578786	0.00000000	1.70807523	5.25784889	5.07671644	6.33551956	5.37185205	2.75775656	3.27005844	3.09377518	5.72930434	6.57897105	2.94454359	6.55858305	7.20296473	4.71812349	1.55677819	3.36834785	4.50155113	3.72957331	5.85140742	4.20970145	4.26713971	4.22272617	4.76922658	3.98099132	7.92377454	2.99404482	3.83714874	8.30442907	3.06638690	3.64383507
0.82167234	2.49403433	5.82434690	2.59457090	2.49015220	1.65432759	3.50532293	4.15228815	2.84058895	0.72014166	6.45002221	1.85211083	4.12135443	8.09454112	4.85381078	6.59767435	6.07602349	1.56201558	2.88419983	2.58706521	6.77562203	3.50001608	2.86768823	6.59263478	6.33246896	3.96573094	0.47906251	4.95936970	7.74153807	1.00606168	5.41842229	1.10782276	1.70815436	0.00000000	5.79640689	5.61515435	5.79791701	5.91016780	3.29583958	3.80827028	1.38572617	5.19167916	6.04144438	3.48268886	7.09700405	7.74148610	3.01024078	1.09404802	3.85178795	5.04006968	3.19171966	5.31378360	4.74797572	2.57288226	4.76100911	5.30758163	3.44336672	7.38635091	1.28600216	3.29926416	7.76706735	2.84769847	1.93586412
5.33415223	3.95876672	11.61882062	8.38943405	3.30591009	7.38834617	2.93958907	2.72812709	4.30528475	5.78743493	1.31833287	7.64718131	1.67464911	13.88862658	2.30895538	3.94956958	2.63346798	5.86218024	4.18406300	7.19616159	12.57022954	2.29599302	2.92816205	3.91978527	12.12674175	9.76062351	5.31644386	4.04081756	13.53568357	4.78950647	11.21286687	6.90308639	5.25731958	5.79545996	0.00000000	1.59430210	11.59248138	3.69549545	4.52238019	3.13001097	6.79346654	10.98628718	11.83586240	3.78866063	3.32617884	2.48665207	5.95905832	6.81403858	1.94439080	0.75626115	8.98676836	11.10838901	3.14667896	3.22324693	3.03149892	2.51173329	9.23797364	13.18057016	6.59972047	9.09437250	13.56116718	8.32344235	6.18939798
5.15288238	3.34967523	11.43724428	8.20798478	3.12485218	7.20709427	2.10923376	1.46241703	3.28358700	5.60615010	0.83467572	7.46579970	1.49357202	13.70692357	0.76108826	2.35520904	1.03914125	5.68085639	2.73003414	7.01495758	12.38869686	2.11491774	2.74703494	2.32542578	11.94509986	9.57918384	5.13520449	2.44638339	13.35400016	4.60828727	11.03128102	6.72176780	5.07601527	5.61420544	1.59422652	0.00000000	11.41093462	2.10111646	2.92785472	1.80630588	6.61222853	10.80475466	11.65426790	2.19417434	1.73186609	2.12611831	5.77792498	6.63269415	1.78946526	1.76737701	8.80537963	10.92685564	1.55227386	3.04221086	1.43709928	0.91737904	9.05644076	12.99891080	6.41848646	8.91300324	13.37946886	8.14195903	6.00820910
6.26010371	8.06335212	0.66867169	3.20367215	8.28970375	4.20602482	9.30450618	9.95159356	8.12935192	5.80672508	12.24985521	3.94635845	9.92084188	2.29714668	10.65327567	12.39715393	11.87561613	5.73172977	8.68311757	4.39851620	1.30857075	9.29950959	8.66700845	12.39211788	1.70122508	1.83254422	6.27800742	10.75860315	1.94407811	6.80507402	1.29805927	4.69085729	6.33671554	5.79889428	11.59633447	11.41482927	0.00000000	11.70958571	9.09476776	9.60746953	4.80099344	0.60628548	0.87863408	9.28174806	12.89664340	13.54133662	5.63607228	4.77973944	9.65146660	10.83991428	2.60672586	0.48417819	10.54730633	8.37250681	10.56035797	11.10708224	2.35459672	1.58881047	4.99476516	2.49924643	1.96965723	3.26944563	5.40537679
5.44791660	3.64471890	11.73175866	8.50271468	4.35907932	7.50215895	2.40444059	1.75768584	3.57861042	5.90115893	2.37682780	7.76064435	2.27744523	14.00122310	1.38650218	0.68740028	1.06188655	5.97579905	3.02510629	7.31010347	12.68328528	2.94138965	3.04231126	0.68235464	12.23950305	9.87393003	5.43029042	0.95048033	13.64833291	4.90340740	11.32577928	7.01671937	5.37099104	5.90926568	3.69508437	2.10098605	11.70549916	0.00000000	2.61348451	2.10152083	6.90731676	11.09934336	11.94875145	2.42686093	1.18645472	1.83057293	6.07319073	6.92760186	3.89044943	3.86827697	9.10021223	11.22144289	1.16204170	4.78930878	1.14903974	1.18369546	9.35102885	13.29328437	6.71358148	9.20786884	13.67377634	8.43663118	6.30338066
2.83446432	1.03125957	9.11869414	5.88948938	5.18580497	4.88868396	1.58268193	1.79409161	0.96516620	3.28772559	3.20365992	5.14733346	3.10414662	11.38831887	2.21319504	3.30109339	2.77929053	3.36241506	0.41162572	5.64447059	10.07016552	3.76809334	3.18271089	3.29604909	9.62652148	7.26069258	2.93438249	1.66311967	11.03540389	2.88109393	8.71272678	4.40332874	2.75758235	3.29579400	4.52195228	2.92775838	9.09239722	2.61366978	0.00000000	1.39225318	4.44328437	8.48622339	9.33570992	0.73366348	3.80020828	4.44440638	6.06732849	4.31424393	4.71722316	4.69511349	6.48691033	8.60832400	1.45159506	5.61606204	1.49070117	2.01097241	6.73790934	10.68032490	4.34354237	6.59454232	11.06086618	5.82344896	4.99320147
3.34659693	1.54338871	9.63101764	6.40173375	3.79361744	5.40080538	0.30292880	0.40185821	1.47730277	3.79986753	2.64101791	5.65953568	1.71194714	11.90072127	1.04523284	2.78907940	2.26729760	3.87458130	1.05398397	5.20865951	10.58246184	2.37589499	1.79048025	2.78403575	10.13888582	7.77293097	3.32891320	1.15105981	11.54779409	2.80199211	9.22505621	4.91549170	3.26973643	3.80791705	3.12983483	1.80633314	9.60470230	2.10164429	1.39230368	0.00000000	4.80593698	8.99851961	9.84804475	0.65861580	3.28822405	3.93246151	4.67509397	4.82642300	3.32505931	3.30298057	6.99911699	9.12062075	0.93955331	4.22388812	0.95256556	1.49896233	7.25020578	11.19270011	4.61219414	7.10673685	11.57326565	6.33571454	4.20190813
2.20745219	3.87980479	4.82696125	3.36777988	3.48841181	0.59494559	4.50339683	5.15042364	4.22637953	2.10594675	7.44842374	2.52040199	5.11958172	7.09736903	5.85202669	7.59589767	7.07430382	2.94788644	4.10502133	1.20139634	5.77816278	4.49824643	3.86583119	7.59085987	5.33519383	2.96811488	1.50891027	5.95746891	6.74433295	2.00404941	4.42105267	1.78351639	3.09399231	1.38575399	6.79485612	6.61347617	4.80048150	6.90836002	4.44332370	4.80635225	0.00000000	4.19421964	5.04408936	4.48070021	8.09530794	8.73989647	1.62469105	2.47995360	4.85011165	6.03847707	2.19401771	4.31632551	5.74612393	3.57117868	5.75916652	6.30581556	4.48379103	6.38910522	0.19376509	2.30152941	6.76988736	4.23383819	0.60430191
5.65365522	7.45690017	0.63278708	2.59733500	7.68312374	3.59956518	8.69799452	9.34505923	7.52290737	5.20028587	11.64322295	3.33997931	9.31427376	2.90332634	10.04671174	11.79058727	11.26902849	5.12531478	8.07665520	3.92878572	1.58394331	8.69294035	8.06047137	11.78555057	1.42963784	1.22620111	5.67154001	10.15208218	2.55026993	6.19859409	1.02650681	4.08443903	5.73028843	5.19243626	10.98968466	10.80822636	0.60627664	11.10303050	8.48830345	9.00095491	4.19452518	0.00000000	0.84993406	8.67525943	12.29004709	12.93470111	5.02953907	4.17333723	9.04486299	10.23327987	2.00035113	0.12210676	9.94076733	7.76591325	9.95381558	10.50051168	1.75674281	2.19501723	4.38829441	1.94425544	2.57583981	2.66312961	4.79887804
6.50364501	8.30689091	0.21715009	3.44729400	8.53314988	4.44955805	9.54800177	10.19507275	8.37289607	6.05027309	12.49326354	4.18994992	10.16429662	2.05341092	10.89673344	12.64060973	12.11905674	5.97529530	8.92664882	4.64202793	2.18717708	9.54296352	8.91048565	12.63557321	0.82256973	2.07616175	6.52153503	11.00209201	1.70035115	7.04859257	0.62304717	4.93442046	6.58027230	6.04242868	11.83973009	11.65825884	0.87861264	11.95304979	9.33829761	9.85096298	5.04452043	0.84994470	0.00000000	9.52526031	13.14007774	13.78474260	5.87955228	5.02331422	9.89489566	11.08332105	2.85032052	0.72783780	10.79078214	8.61594314	10.80383133	11.35053522	2.59825611	1.34509431	5.23829035	2.74283235	1.72592358	3.51308276	5.64888172
3.02116250	1.21795559	9.30551095	6.07625701	4.45219851	5.07537518	0.84903282	1.06045664	1.15186684	3.47442956	2.96638251	5.33407490	2.37053274	11.57518472	1.47957855	3.11446893	2.59267916	3.54913414	0.59831525	4.91080757	10.25696544	3.03448015	2.44907764	3.10942503	9.81336367	7.44745649	3.00348595	1.47646671	11.22226216	2.47656962	8.89954728	4.59004578	2.94429387	3.48248624	3.78838937	2.19416620	9.27920258	2.42703818	0.73367865	0.65860592	4.48051005	8.67302325	9.52253378	0.00000000	3.61360232	4.25782487	5.33369283	4.50097098	3.98363141	3.96154096	6.67365453	8.79512419	1.26495335	4.88246404	1.27796432	1.82435038	6.92470933	10.86717385	4.28676816	6.78127898	11.24773021	6.01022977	4.25954431
6.63423350	4.83103902	12.91789817	9.68892774	4.60668539	8.68848623	3.59081637	2.94408276	4.76492363	7.08746716	2.00765627	8.94689657	2.97536162	15.18728928	2.24286250	0.62323424	1.02089199	7.16208470	4.21143612	8.49645846	13.86945006	3.59671146	4.22871075	0.59345337	13.42560462	11.06014864	6.61662495	2.13686480	14.83441043	6.08975360	12.51191328	8.20300806	6.55728799	7.09559145	3.32589648	1.73184188	12.89165579	1.18641639	3.79981615	3.28789939	8.09365208	12.28550823	13.13488045	3.61321524	0.00000000	0.83931990	7.25958662	8.11387560	3.52130462	3.49910344	10.28646034	12.40760727	2.34844299	4.52409374	2.33544419	1.78915937	10.53719352	14.47937582	7.89991911	10.39412821	14.85984523	9.62282453	7.48974441
7.27835680	5.47516155	13.56206379	10.33307582	5.25077942	9.33260706	4.23492562	3.58818696	5.40904781	7.73159253	1.29143140	9.59103531	3.61945829	15.83147238	2.88696011	1.46256947	1.66498432	7.80621546	4.85555634	9.14057267	14.51360966	4.24080789	4.87281433	1.43278846	14.06977928	11.70429540	7.26074405	2.78097197	15.47859083	6.73386991	13.15608022	8.84713810	7.20141605	7.73971264	2.48657977	2.12600609	13.53581733	1.83051594	4.44393593	3.93200797	8.73777099	12.92966781	13.77904857	4.25732962	0.83932863	0.00000000	7.90369107	8.75800920	3.88937937	2.70140543	10.93060006	13.05176696	2.99254614	5.16818475	2.97954659	2.43325550	11.18135314	15.12355290	8.54403747	11.03826524	15.50402769	10.26697732	8.13385653
3.83221947	5.50456897	5.66211395	4.99264734	2.65354859	1.42991715	4.48488068	4.31551930	5.85115037	3.73072240	6.61360754	4.14523167	4.28470778	7.93259245	5.01714899	6.76102242	6.23944746	4.57268387	5.72977613	1.23747840	6.61329111	3.66337350	3.03092932	6.75598521	6.17038313	3.80319128	3.13366053	5.58602945	7.57954544	3.18681319	5.37844377	3.40831088	4.71877884	3.01051271	5.96005572	5.77863356	5.63561769	6.07347447	6.06807676	4.67527716	1.62474950	5.02934788	5.87925221	5.33414920	7.26045938	7.90508320	0.00000000	4.10476253	4.01526966	5.20366280	3.02906567	5.15145423	4.91122379	2.73632765	4.92426943	5.47094382	6.10870517	7.22430428	1.72446453	3.13656650	7.60510816	5.85872467	1.07450130
1.48011092	3.28334041	4.80548042	1.57571116	3.50899111	2.74837069	4.52416771	5.17113099	3.34938076	1.02678315	7.46885663	0.83325469	5.14019437	7.07566792	5.87265107	7.61651441	7.09486175	0.95192037	3.90304884	3.68110576	5.75675786	4.51885592	3.88653084	7.61147478	5.31359900	2.94687171	1.49791108	5.97821368	6.72266591	2.02490918	4.39955531	0.69639226	1.55683981	1.09404324	6.81523980	6.63399129	4.77905210	6.92900885	4.31468842	4.82711480	2.47976853	4.17281501	5.02257694	4.50153562	8.11584157	8.76032025	4.10427757	0.00000000	4.87062484	6.05890392	2.17286314	4.29491940	5.76681815	3.65344315	5.77985126	6.32642136	2.42450255	6.36748002	2.38004431	2.28040868	6.74819440	1.75364307	3.02990386
3.39013982	4.15430094	9.67527225	6.44569328	1.36157684	5.44430658	3.13497766	2.92346036	4.50083704	3.84344518	2.59816270	5.70333811	1.61324498	11.94527003	2.50421643	4.14482398	2.82867119	3.91824956	4.37957180	5.25204951	10.62661508	0.94929292	1.53482804	4.11503808	10.18329265	7.81686821	3.37238529	4.23618341	11.59229736	2.84541738	9.26933290	4.95914776	3.36835891	3.85142432	1.94450353	1.78946805	9.64888823	3.89077778	4.71788427	3.32539230	4.84940592	9.04267246	9.89234155	3.98410539	3.52136090	3.88961847	4.01483925	4.87013909	0.00000000	1.18820480	7.04293592	9.16477558	3.34200082	1.27888062	3.22681252	2.70697817	7.29435947	11.23714751	4.65565379	7.15051060	11.61780353	6.37975314	4.24526299
4.57808810	4.13208574	10.86295807	7.63348792	2.54970658	6.63227023	3.11284483	2.90135882	4.47861162	5.03138065	1.49146082	6.89119069	1.59119006	13.13284735	2.48215573	4.12276705	2.80664320	5.10615161	4.35737098	6.44005417	11.81433828	1.53980093	2.17200405	4.09298204	11.37092232	9.00467107	4.56035968	4.21406344	12.77989146	4.03340903	10.45701057	6.14705431	4.50127812	5.03938574	0.75627748	1.76746114	10.83659938	3.86870505	4.69568612	3.30326358	6.03738147	10.23039581	11.08001181	3.96194079	3.49934488	2.70141215	5.20290442	6.05802350	1.18816230	0.00000000	8.23078241	10.35249820	3.31990573	2.46702906	3.20472210	2.68492662	8.48208250	12.42476222	5.84363276	8.33837375	12.80538487	7.56751862	5.43328060
3.65325190	5.45649441	2.63305584	2.02000523	5.68262743	1.61647077	6.69754655	7.34459523	5.52250685	3.19988913	9.64268971	1.33962506	7.31378587	4.90353945	8.04622681	9.79010041	9.26852679	3.12493516	6.07624207	2.54931775	3.58423124	6.69245166	6.06000542	9.78506325	3.14132766	0.77412766	3.67112332	8.15162762	4.55049165	4.19816855	2.40580716	2.08405711	3.72990024	3.19202622	8.98913901	8.80771386	2.60655838	9.10255173	6.48788896	7.00050484	2.19410789	2.00028800	2.85019483	6.67482774	10.28953926	10.93416558	3.02907585	2.17296665	7.04435001	8.23274511	0.00000000	2.12239438	7.94030002	5.76540736	7.95334587	8.50002206	3.13606642	4.19524951	2.38787537	0.56486000	4.57605498	2.88608392	2.79843919
5.77580375	7.57904958	0.51068714	2.71945509	7.80530586	3.72171656	8.82015919	9.46722968	7.64505489	5.32243203	11.76541842	3.46211013	9.43645284	2.78124648	10.16888975	11.91276598	11.39121256	5.24745475	8.19880727	3.91418581	1.47800022	8.81511972	8.18264253	11.90772945	1.53174515	1.34832272	5.79369337	10.27424922	2.42818696	6.32075065	1.12860524	4.20657984	5.85243149	5.31458722	11.11188461	10.93041433	0.48417201	11.22520629	8.61045602	9.12312033	4.31667875	0.12210689	0.72783699	8.79741821	12.41223338	13.05689741	5.15170924	4.29547394	9.16705114	10.35547589	2.12248082	0.00000000	10.06293898	7.88809883	10.07598809	10.62269139	1.87041830	2.07293044	4.51044863	2.01499239	2.45375920	2.78524431	4.92103940
4.28605153	2.48284708	10.57026479	7.34106691	3.81027247	6.34027213	1.24245227	0.59565327	2.41675306	4.73931199	1.82812290	6.59891464	1.72861515	12.83988266	0.83766394	1.84949594	1.32769126	4.81399936	1.86321414	6.14815866	11.52173854	2.39256177	1.88027333	1.84445157	11.07808859	8.71227062	4.26838843	0.89409543	12.48696874	3.74148099	10.16429692	5.85491332	4.20916770	4.74738203	3.14641374	1.55222389	10.54396947	1.16207332	1.45158858	0.93952672	5.74541313	9.93779642	10.78727960	1.26491755	2.34860825	2.99280296	4.91116035	5.76582712	3.34168861	3.31957628	7.93849113	10.05989698	0.00000000	4.24052837	0.11517193	0.63487015	8.18948234	12.13189106	5.55167299	8.04612417	12.51243022	7.27502465	5.14141753
3.38108165	5.05344370	8.39722390	5.16744917	0.43035503	4.16575841	4.03397223	3.82239865	5.39999820	3.27955083	3.87713937	4.42498977	2.51209939	10.66741683	3.40308124	5.04368202	3.72747713	4.12142437	5.27868870	3.97342758	9.34849947	1.84814454	2.43375950	5.01389449	8.90534530	6.53860930	2.68259142	5.13515485	10.31441398	2.73578953	7.99129920	3.68070232	4.26756334	2.57288018	3.22352378	3.04227195	8.37079431	4.78966423	5.61699636	4.22437950	3.57083636	7.76455661	8.61432120	4.88315712	4.52412175	5.16860321	2.73610845	3.65345661	1.27890554	2.46718681	5.76459853	7.88666103	4.24092749	0.00000000	4.12573078	3.60582652	6.01624416	9.95922707	3.37707806	5.87214322	10.33994311	5.40710569	2.96661774
4.29907104	2.49586619	10.58330646	7.35409939	3.69510492	6.35329034	1.25546442	0.60866278	2.42977303	4.75233258	1.71296144	6.61194222	1.61344622	12.85293349	0.72249451	1.83649020	1.31468796	4.82702277	1.87623203	6.16117341	11.53477705	2.27739297	1.89328251	1.83144591	11.09113499	8.72530241	4.28140573	1.00926986	12.50001815	3.75449683	10.17733928	5.86793635	4.22218970	4.76040043	3.03125433	1.43705901	10.55700900	1.14906625	1.49070350	0.95253852	5.75843033	9.95083492	10.80032257	1.27793238	2.33560597	2.97980525	4.92416998	5.77885202	3.22652381	3.20441507	7.95151923	10.07293554	0.11517233	4.12536240	0.00000000	0.54636933	8.20252087	12.14493873	5.56468991	8.05915086	12.52548071	7.28805959	5.15443118
4.84543665	3.04223191	11.12966626	7.90046160	3.17540313	6.89965629	1.80183196	1.15503101	2.97613852	5.29869791	1.19325806	7.15830572	1.18620951	13.39929088	0.45372283	1.43782729	0.76831811	5.37338736	2.42259806	6.70754027	12.08113768	1.80755601	2.43965083	1.40804448	11.63749355	9.27166481	4.82777192	1.52896986	13.04637592	4.30086340	10.72369890	6.41430104	4.76855466	5.30676633	2.51155041	0.91735653	11.10336936	1.18372674	2.01097234	1.49890615	6.30479655	10.49719555	11.34668203	1.82429922	1.78923586	2.43343394	5.47053818	6.32521622	2.70682130	2.68471162	8.49788259	10.61929616	0.63487287	3.60566020	0.54636847	0.00000000	8.74888150	12.69129695	6.11105620	8.60551460	13.07183819	7.83442116	5.70079833
3.90469178	5.70792293	2.38099082	1.11589066	5.93363501	4.75196407	6.94877885	7.59575299	5.77395972	3.45135955	9.89352556	1.96317105	7.56483256	4.65121608	8.29728727	10.04115191	9.51950931	3.37648516	6.32763635	5.68471338	3.33683255	6.94349466	6.31115416	10.03611259	2.88912894	2.71263459	3.92250101	8.40282928	4.29820822	4.44950512	1.97506854	2.69996580	3.98141041	3.44343481	9.23991714	9.05864617	2.35455369	9.35364086	6.73927686	7.25172737	4.48336604	1.75674192	2.59809275	6.92613572	10.54049327	11.18499073	6.10790622	2.42455866	7.29528004	8.48357388	3.13577239	1.87041700	8.19144240	6.01637040	8.20447713	8.75106073	0.00000000	3.94301517	4.38364301	3.70059269	4.32374116	0.91469530	5.03351599
7.84906036	9.65231086	1.56231284	4.79256148	9.87873988	5.79498820	10.89350099	11.54060208	9.71830617	7.39567611	13.83892290	5.53527317	11.50987081	0.70835259	12.24230208	13.98618199	13.46465687	7.32066616	10.27208260	5.98749754	2.36649629	10.88853921	10.25601863	13.98114633	1.05394693	3.42143715	7.86697550	12.34760360	0.35527667	8.39404966	1.96820208	6.27979565	7.92565925	7.38785668	13.18541277	13.00387924	1.58885274	13.29860684	10.68373396	11.19646615	6.38996202	2.19514357	1.34514777	10.87072895	14.48568938	15.13040628	7.22508012	6.36866811	11.24051698	12.42898328	4.19563791	2.07303596	12.13631768	9.96155113	12.14937137	12.69611265	3.94345467	0.00000000	6.58373525	4.08816577	0.53502121	4.85832218	6.99436380
2.10772749	3.78008125	5.02065529	3.26801794	3.29461018	0.78870697	4.30961806	4.95663729	4.12665351	2.00621895	7.25460464	2.42065409	4.92578406	7.29103677	5.65823044	7.40210051	6.88049964	2.84815054	4.00530127	1.30110738	5.97186588	4.30444840	3.67204392	7.39706249	5.52887426	3.16183728	1.40919190	5.76368703	6.93800476	1.81028125	4.61474474	1.68378158	2.99426046	1.28603248	6.60103114	6.41966688	4.99418168	6.71456669	4.34360429	4.61257249	0.19376426	4.38792277	5.23777963	4.28692915	7.90150086	8.54607628	1.72438742	2.38021342	4.65630213	5.84465724	2.38775069	4.51002847	5.55233601	3.37737252	5.56537747	6.11201709	4.38401174	6.58278203	0.00000000	2.49526643	6.96355607	4.13406919	0.64992866
3.76079922	5.56404438	2.52565423	2.58490326	5.79027550	1.70670984	6.80514225	7.45220829	5.63005114	3.30742933	9.75037781	1.73745272	7.42142482	4.79619807	8.15386255	9.89773825	9.37618070	3.23245681	6.18380002	1.98453631	3.47680887	6.80009148	6.16762060	9.89270158	3.37390318	0.98813518	3.77868513	8.25923045	4.44314095	4.30573994	2.97077012	2.19158126	3.83743117	3.29958082	9.09684055	8.91537948	2.49914271	9.21018080	6.59544838	7.10810281	2.30167034	1.94426138	2.74280186	6.78240580	10.39719982	11.04185616	3.13668807	2.28047851	7.15201615	8.34043486	0.56486925	2.01497234	8.04791667	5.87306581	8.06096512	8.60766289	3.70100420	4.08788738	2.49543973	0.00000000	4.46871136	3.45099814	2.90602500
8.22987503	10.03312492	1.94316093	5.17339572	10.25953143	6.17580091	11.27430456	11.92140166	10.09912154	7.77649241	14.21970526	5.91610003	11.89066446	0.32749070	12.62309645	14.36697588	13.84544707	7.70148672	10.65289483	6.36830503	2.90149944	11.26933265	10.63681773	14.36194011	1.43480217	3.80227034	8.24778685	12.72840553	0.32470543	8.77485881	2.34905121	6.66061564	8.30647768	7.76866967	13.56619205	13.38466676	1.96969761	13.67940276	11.06454585	11.57726919	6.77077322	2.57598688	1.72599784	11.25153657	14.86647806	15.51118807	7.60587990	6.74949091	11.62130438	12.80976526	4.57646554	2.45387937	12.51711644	10.34234030	12.53016953	13.07690587	4.32429803	0.53501697	6.96454601	4.46899129	0.00000000	5.23916013	7.37516964
2.98989611	4.79312463	3.29564238	0.86599323	5.01873970	4.50197384	6.03393533	6.68089229	4.85916704	2.53657091	8.97859068	1.71324181	6.64994627	5.56580806	7.38240414	9.12626672	8.60460822	2.46171486	5.41283016	5.43470064	4.24692735	6.02860751	5.39629138	9.12122691	3.80374967	2.46273265	3.00769101	7.48797870	5.21280942	3.53468563	2.88971563	2.45000692	3.06663094	2.84764684	8.32496895	8.14373351	3.26921916	8.43876434	5.82446921	6.33688159	4.23336928	2.66298452	3.51273576	6.01130965	9.62558562	10.27005339	5.85786025	1.75361912	6.38036686	7.56863737	2.88584649	2.78508877	7.27657816	5.40700903	7.28961032	7.83617258	0.91467200	4.85762768	4.13364437	3.45065765	5.23833535	0.00000000	4.78349614
2.75766986	4.43002268	5.43124832	3.91799068	2.88410490	1.19924509	3.89909412	4.54611954	4.77659696	2.65616385	6.84411361	3.07061538	4.51527553	7.70165124	5.24772076	6.99159157	6.46999644	3.49810205	4.65523986	1.00683492	6.38245153	3.89394017	3.26152692	6.98655374	5.93947839	3.57240719	2.05912911	5.35316563	7.34861592	2.11229380	5.02533938	2.33373220	3.64420866	1.93597225	6.19054491	6.00916785	5.40476971	6.30405464	4.99354235	4.20204936	0.60430003	4.79850839	5.64837574	4.25963817	7.49100002	8.13558614	1.07446816	3.03016842	4.24580328	5.43416680	2.79831197	4.92061423	5.14181953	2.96687093	5.15486192	5.70150922	5.03399862	6.99338911	0.64993630	2.90582442	7.37416975	4.78404769	0.00000000

DEMAND_SECTION
0 0
1 1
2 1
3 1
4 1
5 1
6 1
7 1
8 1
9 1
10 1
11 1
12 1
13 1
14 1
15 1
16 1
17 1
18 1
19 1
20 1
21 1
22 1
23 1
24 1
25 1
26 1
27 1
28 1
29 1
30 1
31 1
32 1
33 1
34 1
35 1
36 1
37 1
38 1
39 1
40 1
41 1
42 1
43 1
44 1
45 1
46 1
47 1
48 1
49 1
50 1
51 1
52 1
53 1
54 1
55 1
56 1
57 1
58 1
59 1
60 1
61 1
62 1

LOGISTIC_LOAD_SECTION
0	0
1	0
2	0
3	0
4	0
5	0
6	0
7	0
8	0
9	0
10	0
11	0
12	0
13	0
14	0
15	0
16	0
17	0
18	0
19	0
20	0
21	0
22	0
23	0
24	0
25	0
26	0
27	0
28	0
29	0
30	0
31	0
32	0
33	0
34	0
35	0
36	0
37	0
38	0
39	0
40	0
41	0
42	0
43	0
44	0
45	0
46	0
47	0
48	0
49	0
50	0
51	0
52	0
53	0
54	0
55	0
56	0
57	0
58	0
59	0
60	0
61	0
62	0

AVAILABILITY_LANDING_SPOT_SECTION
0	1
1	1
2	1
3	1
4	1
5	1
6	1
7	1
8	1
9	1
10	1
11	1
12	1
13	1
14	1
15	1
16	1
17	1
18	1
19	1
20	1
21	1
22	1
23	1
24	1
25	1
26	1
27	1
28	1
29	1
30	1
31	1
32	1
33	1
34	1
35	1
36	1
37	1
38	1
39	1
40	1
41	1
42	1
43	1
44	1
45	1
46	1
47	1
48	1
49	1
50	1
51	1
52	1
53	1
54	1
55	1
56	1
57	1
58	1
59	1
60	1
61	1
62	1

CUSTOMER_DRONE_PREFERENCE_SECTION
0	1
1	1
2	1
3	1
4	1
5	1
6	1
7	1
8	1
9	1
10	1
11	1
12	1
13	1
14	1
15	1
16	1
17	1
18	1
19	1
20	1
21	1
22	1
23	1
24	1
25	1
26	1
27	1
28	1
29	1
30	1
31	1
32	1
33	1
34	1
35	1
36	1
37	1
38	1
39	1
40	1
41	1
42	1
43	1
44	1
45	1
46	1
47	1
48	1
49	1
50	1
51	1
52	1
53	1
54	1
55	1
56	1
57	1
58	1
59	1
60	1
61	1
62	1

PRICE_SECTION
0	3
1	3
2	3
3	3
4	3
5	3
6	3
7	3
8	3
9	3
10	3
11	3
12	3
13	3
14	3
15	3
16	3
17	3
18	3
19	3
20	3
21	3
22	3
23	3
24	3
25	3
26	3
27	3
28	3
29	3
30	3
31	3
32	3
33	3
34	3
35	3
36	3
37	3
38	3
39	3
40	3
41	3
42	3
43	3
44	3
45	3
46	3
47	3
48	3
49	3
50	3
51	3
52	3
53	3
54	3
55	3
56	3
57	3
58	3
59	3
60	3
61	3
62	3

PRIORITY_DELIVERY_TIME_SECTION
0	0
1	0
2	0
3	0
4	0
5	0
6	0
7	0
8	0
9	0
10	0
11	0
12	0
13	0
14	0
15	0
16	0
17	0
18	0
19	0
20	0
21	0
22	0
23	0
24	0
25	0
26	0
27	0
28	0
29	0
30	0
31	0
32	0
33	0
34	0
35	0
36	0
37	0
38	0
39	0
40	0
41	0
42	0
43	0
44	0
45	0
46	0
47	0
48	0
49	0
50	0
51	0
52	0
53	0
54	0
55	0
56	0
57	0
58	0
59	0
60	0
61	0
62	0

EOF
