NAME: multi_modal_data
TYPE: MM

VEHICLES: 2
DIMENSION: 56

NUM_T: 2
NUM_D: 1

MAXIMUM_SYSTEM_DURATION: 300
UNIT: MIN

SERVICETIME: 5
UNIT: MIN

TAKEOFF_LANDING_TIME: 2
UNIT: MIN

MAX_WAITING_TIME: 99999999
UNIT: MIN

INIT_SOC: 100
MAX_SOC: 100
MIN_SOC_T: 3
MIN_SOC_D: 3
UNIT: %

DEMAND_T: 29
DEMAND_D: 0
UNIT: EA

MASS_T: 1940
MASS_D: 15
UNIT: KG

LIFT_TO_DRAG: 3
POWER_MOTOR_PROP: 0.5
UNIT: RATIO

POWER_ELEC: 0.1
UNIT: KW

CARGO_LIMIT_TRUCK: 99999999999999
UNIT: KG

CARGO_LIMIT_DRONE: 6
UNIT: KG

BATTERY_KWH_T: 100
BATTERY_KWH_D: 0.3
UNIT: KWH 

ENERGY_KWH/KM_T: 1.0
ENERGY_KWH/KM_D: 0.1
UNIT: KWH/KM

CHARGING_KW_D: 0.5
CHARGING_KW_T: 80
UNIT: KW 

LOSISTIC_KWH/KG_T: 0.001
LOSISTIC_KWH/KG_D: 0.001
UNIT: KWH/KG

SPEED_T: 0.3
SPEED_D: 1.0
UNIT: KM/MIN

ALTITUDE: 100
UNIT: M

CURVY_AIR: 1.0
UNIT: RATIO

CURVY_ROAD: 1.2
UNIT: RATIO

DEPOT_SECTION
0

EDGE_KM_D_TYPE: EUC_2D(haversine)
EDGE_KM_T_TYPE: MAN_2D(haversine)
EDGE_KM_D_FORMAT : FULL_MATRIX
EDGE_KM_T_FORMAT : FULL_MATRIX

NODE_COORD_SECTION
0	37.61587484	126.92359022
1	37.63418196	126.92036951
2	37.60443320	126.93461853
3	37.64673352	126.93106403
4	37.60780416	126.91672647
5	37.59983097	126.92296124
6	37.61840864	126.94619015
7	37.58106517	126.89815141
8	37.63064252	126.92054666
9	37.63031073	126.93806199
10	37.61639880	126.90579787
11	37.59217202	126.90320508
12	37.65345291	126.94442247
13	37.64189589	126.94299000
14	37.61819120	126.90550622
15	37.59981243	126.91167184
16	37.59862361	126.90980712
17	37.62552184	126.94347819
18	37.60966135	126.91092039
19	37.63268609	126.91717463
20	37.63947854	126.93174624
21	37.63005066	126.91890050
22	37.59973675	126.90264012
23	37.65308244	126.95539251
24	37.62374242	126.92340677
25	37.60766950	126.93932337
26	37.62031618	126.91530172
27	37.64101435	126.93027516
28	37.59876374	126.90982697
29	37.59470460	126.92750488
30	37.62245498	126.93379732
31	37.62787143	126.91203145
32	37.60621016	126.91483976
33	37.59092124	126.91435797
34	37.60821465	126.90994054
35	37.61665281	126.92058918
36	37.65452309	126.94591408
37	37.60656099	126.92735213
38	37.61038468	126.91780678
39	37.61766886	126.91383359
40	37.62269948	126.93485887
41	37.59612228	126.91911027
42	37.63327576	126.93480788
43	37.59505413	126.91927531
44	37.60272944	126.91231260
45	37.60481926	126.93781777
46	37.60993918	126.94801585
47	37.62270503	126.92462413
48	37.61209905	126.94144428
49	37.58816604	126.90686356
50	37.58682263	126.88722405
51	37.62016667	126.90601332
52	37.61664204	126.92440721
53	37.63021017	126.95043978
54	37.61660508	126.94698480
55	37.60321090	126.91481782

EDGE_KM_D
0.00000000	2.05532780	1.60073122	3.49388292	1.08207883	1.78485931	2.01040578	4.47268327	1.66382760	2.04966864	1.56822621	3.18928072	4.56344088	3.36014532	1.61350314	2.07177942	2.27021208	2.05398217	1.31256322	1.95285389	2.72112397	1.62949566	2.57409241	4.99597220	0.87498546	1.65923001	0.88138246	2.85670860	2.25612040	2.37915155	1.15911867	1.67803656	1.32250576	2.89145922	1.47346783	0.27812586	4.72575078	1.08737551	0.79510827	0.88220266	1.24936978	2.23156094	2.17251882	2.34615748	1.76733166	1.75553095	2.25045404	0.76492353	1.62770290	3.41532374	4.54971867	1.62001482	0.11160566	2.85177090	2.06218116	1.60625654
2.05532780	0.00000000	3.53798216	1.68363462	2.95057950	3.82647579	2.87177932	6.22215850	0.39387699	1.61638136	2.35732548	4.90987432	3.01276546	2.16865625	2.20794801	3.89774824	4.06188871	2.25136243	2.85074786	0.32683005	1.16207919	0.47724737	4.13624044	3.73174438	1.19124210	3.38787960	1.60510264	1.15671024	4.04632069	4.43445194	1.76032122	1.01564254	3.14822623	4.83943598	3.03001132	1.94925110	3.18972509	3.13228281	2.65574873	1.92428246	1.80510290	4.23350238	1.27541113	4.35188993	3.56863217	3.60857230	3.63253919	1.33004396	3.07807917	5.25322720	6.02133595	2.00677888	1.98250399	2.68458164	3.05190591	3.47836938
1.60073122	3.53798216	0.00000000	4.71399294	1.62009606	1.14740424	1.85845750	4.13221841	3.16695266	2.89339447	2.86623654	3.08514779	5.51870450	4.23041059	2.98602298	2.08579133	2.27927007	2.47139193	2.16701283	3.49715218	3.90507226	3.16713809	2.86517111	5.71053358	2.36331594	0.54888407	2.45239777	4.08559164	2.27322062	1.25019736	2.00523801	3.27876772	1.75352770	2.33314588	2.21420574	1.83668582	5.65787837	0.68244028	1.62208162	2.34905208	2.03123050	1.64944495	3.20719399	1.70728162	1.97414071	0.28508200	1.32952716	2.21425976	1.04313138	3.04160212	4.61199945	3.06747666	1.62850760	3.18706417	1.73735565	1.74961464
3.49388292	1.68363462	4.71399294	0.00000000	4.50914792	5.26392912	3.41967026	7.85642855	2.01469923	1.92729190	4.04080544	6.54436858	1.39333679	1.17980232	3.89077265	5.48981819	5.66771140	2.59963646	4.48773968	1.98382242	0.80895077	2.14204171	5.79445691	2.25521468	2.64392229	4.40420628	3.24890194	0.63972510	5.65242701	5.79384585	2.71036262	2.68470238	4.72711006	6.37809684	4.66964790	3.46968889	1.56827158	4.47893304	4.20705335	3.57030898	2.69327816	5.72535129	1.53231613	5.83953966	5.16420632	4.69845933	4.35520204	2.73136639	3.95818493	6.85236979	7.69998375	3.68685615	3.39698664	2.50728679	3.63166781	5.04657586
1.08207883	2.95057950	1.62009606	4.50914792	0.00000000	1.04292545	2.85057547	3.39389304	2.56170680	3.12958741	1.35646739	2.10722506	5.63147721	4.44076947	1.52012098	0.99396164	1.18897398	3.07137585	0.55156706	2.76703075	3.76225256	2.48110133	1.53121060	6.07804929	1.86738044	1.99060706	1.39692368	3.88080515	1.17471663	1.73877565	2.21693945	2.26937686	0.24297793	1.88885828	0.59950764	1.04109459	5.79600328	0.94616883	0.30231018	1.12611456	2.30088146	1.31583337	3.24932346	1.43541228	0.68527620	1.88737183	2.76643078	1.79700711	2.22907537	2.35019600	3.49271091	1.66736842	1.19309684	3.87611225	2.83926494	0.53771045
1.78485931	3.82647579	1.14740424	5.26392912	1.04292545	0.00000000	2.90760740	3.02204275	3.43268740	3.64085231	2.38323013	1.93776341	6.25488279	4.99899253	2.55580542	0.99458566	1.16662331	3.38034428	1.52314231	3.68870961	4.47599856	3.37926211	1.79029973	6.57414036	2.65912497	1.68444632	2.37567701	4.62447411	1.16319217	0.69654414	2.69067086	3.26320585	1.00749308	1.24742268	1.47809057	1.88214027	6.40862941	0.84240484	1.25830423	2.14025480	2.75036028	0.53401428	3.86250614	0.62256499	0.99193454	1.42148570	2.47684867	2.54769716	2.12413394	1.92197689	3.46503413	2.70958995	1.87364277	4.15560135	2.82087069	0.80989279
2.01040578	2.87177932	1.85845750	3.41967026	2.85057547	2.90760740	0.00000000	5.92905860	2.63647058	1.50464823	3.56468764	4.78015904	3.89985767	2.62682787	3.58340116	3.67713934	3.88736055	0.82622999	3.25533935	3.00836182	2.66589728	2.72986262	4.36203864	3.93978932	2.09243176	1.33858540	2.72877881	2.87796696	3.87711611	3.10751067	1.18059055	3.18710491	3.07661764	4.14795106	3.38820666	2.26331767	4.01582227	2.11870445	2.65449359	2.85106634	1.10618195	3.43971054	1.93332423	3.51643605	3.45611549	1.68143264	0.95539329	1.95857201	0.81668585	4.82816236	6.27057019	3.54400462	1.92862669	1.36459965	0.21241001	3.23921574
4.47268327	6.22215850	4.13221841	7.85642855	3.39389304	3.02204275	5.92905860	0.00000000	5.85513304	6.50737682	3.98626045	1.31285345	9.02210981	7.83276271	4.17877262	2.40098531	2.20604375	6.35462943	3.37290165	5.97960774	7.13763507	5.74544845	2.11352269	9.46289301	5.24117545	4.68080242	4.61864266	7.24176382	2.22065541	2.99829566	5.57161981	5.34632795	3.15904033	1.80011465	3.19257669	4.42343899	9.18782737	3.82836417	3.69156276	4.29824562	5.64712277	2.49271351	6.64315161	2.42569113	2.71291186	4.38074210	5.44141343	5.18432337	5.14357901	1.10126526	1.15629673	4.40271597	4.58261162	7.14700797	5.84177761	2.86709237
1.66382760	0.39387699	3.16695266	2.01469923	2.56170680	3.43268740	2.63647058	5.85513304	0.00000000	1.54288722	2.04835613	4.54228478	3.29435037	2.33910749	1.91611533	3.51614850	3.68386839	2.09821126	2.48228175	0.37391440	1.39210188	0.15920483	3.78122123	3.95469174	0.80754397	3.04308847	1.23766612	1.43664583	3.66836038	4.04284887	1.48007682	0.81072282	2.76286585	4.45032545	2.66308184	1.55559165	3.46986083	2.74401503	2.26546111	1.55905701	1.53908650	3.84056580	1.28953685	3.95883881	3.18740362	3.24947694	3.33959837	0.95286225	2.76389870	4.87454198	5.68840907	1.73064425	1.59348014	2.63290688	2.80320571	3.09171502
2.04966864	1.61638136	2.89339447	1.92729190	3.12958741	3.64085231	1.50464823	6.50737682	1.54288722	0.00000000	3.23532686	5.23564422	2.63353163	1.35933664	3.16810197	4.11142361	4.31375817	0.71489027	3.31460408	1.85823756	1.16125312	1.68766541	4.61434066	2.95635438	1.48296192	2.52004412	2.29193878	1.37357584	4.30002742	4.06696592	0.95084130	2.30835176	3.37121911	4.85215516	3.48875053	2.16205454	2.77964627	2.80426676	2.84460588	2.55521923	0.89210818	4.15195353	0.43682570	4.25530243	3.81440094	2.83460794	2.42894677	1.45456457	2.04684217	5.43266451	6.59077298	3.03953264	1.93811507	1.09008062	1.71467941	3.64306261
1.56822621	2.35732548	2.86623654	4.04080544	1.35646739	2.38323013	3.56468764	3.98626045	2.04835613	3.23532686	0.00000000	2.70356544	5.34269086	4.33193192	0.20095407	1.91553295	2.00781961	3.47023528	0.87455548	2.06974881	3.43629513	1.90683382	1.87350298	5.97585552	1.75273861	3.10850920	0.94362449	3.48402305	1.99279308	3.07826383	2.55636456	1.38881879	1.38487127	2.93162716	0.98047132	1.30311188	5.51812077	2.19120334	1.25144366	0.72172678	2.65371653	2.54139492	3.17005091	2.65381023	1.62469036	3.10050966	3.78742528	1.80031062	3.17599439	3.14074756	3.67330568	0.41939787	1.63931798	4.22096143	3.62778303	1.66784657
3.18928072	4.90987432	3.08514779	6.54436858	2.10722506	1.93776341	4.78015904	1.31285345	4.54228478	5.23564422	2.70356544	0.00000000	7.72074677	6.54597577	2.90029816	1.13058529	0.92356885	5.13197163	2.06008735	4.66999308	5.83009271	4.43302085	0.84263291	8.18524203	3.93576336	3.61864017	3.30594062	5.93135573	0.93681154	2.15941110	4.31290584	4.04502215	1.86742749	0.99246050	1.87996457	3.12335285	7.88775329	2.66186616	2.39916932	2.98572856	4.39291620	1.46856652	5.35151449	1.45170377	1.42195204	3.35805381	4.41446904	3.88418224	4.03212636	0.54984587	1.52858839	3.12268242	3.30032035	5.93307074	4.71756362	1.59794095
4.56344088	3.01276546	5.51870450	1.39333679	5.63147721	6.25488279	3.89985767	9.02210981	3.29435037	2.63353163	5.34269086	7.72074677	0.00000000	1.29125673	5.20737640	6.62532015	6.81642738	3.10690978	5.69341818	3.32986141	1.91314834	3.43822413	7.01542920	0.96663258	3.78662110	5.11065500	4.48908090	1.86129570	6.80170954	6.70028024	3.57153554	4.02809459	5.86366076	7.44031646	5.87573774	4.59879206	0.17721183	5.42652549	5.33176176	4.80497063	3.52179188	6.75341396	2.39799243	6.86094177	6.30936867	5.43901102	4.84884871	3.83781066	4.60581768	7.97772537	8.95943759	5.01379208	4.45651669	2.63822562	4.10350535	6.16506078
3.36014532	2.16865625	4.23041059	1.17980232	4.44076947	4.99899253	2.62682787	7.83276271	2.33910749	1.35933664	4.33193192	6.54597577	1.29125673	0.00000000	4.22420093	5.43192269	5.62970221	1.82122149	4.56334374	2.49319187	1.02585988	2.49688624	5.88265523	1.65517632	2.65490838	3.81948175	3.42097908	1.12381977	5.61547919	5.42178922	2.30833391	3.14064785	4.67889527	6.20383978	4.74322984	3.43078653	1.42748765	4.16345120	4.14680893	3.72154278	2.25144215	5.50723790	1.19909603	5.61177100	5.12512629	4.14782820	3.58088948	2.67756126	3.31605724	6.76904903	7.85042720	4.05475364	3.25015382	1.45559622	2.83413343	4.96586833
1.61350314	2.20794801	2.98602298	3.89077265	1.52012098	2.55580542	3.58340116	4.17877262	1.91611533	3.16810197	0.20095407	2.90029816	5.20737640	4.22420093	0.00000000	2.11456763	2.20855742	3.44220395	1.06161895	1.91148536	3.30798802	1.76933478	2.06751638	5.86081293	1.69310212	3.20025592	0.89451878	3.34639530	2.19351070	3.25204878	2.53643306	1.22019987	1.56548823	3.13094426	1.17609627	1.33944569	5.38343456	2.31846108	1.38830096	0.73575004	2.63337399	2.73093786	3.07776580	2.84431601	1.82081123	3.21115427	3.85512746	1.75701514	3.23712469	3.34079019	3.84191808	0.22415741	1.67365101	4.17687978	3.65760907	1.85672764
2.07177942	3.89774824	2.08579133	5.48981819	0.99396164	0.99458566	3.67713934	2.40098531	3.51614850	4.11142361	1.91553295	1.13058529	6.62532015	5.43192269	2.11456763	0.00000000	0.21086174	4.00269770	1.09715070	3.68738295	4.75185369	3.42209614	0.79572965	7.06480975	2.85461831	2.58787677	2.30222783	4.86562513	0.20003572	1.50611727	3.18392232	3.12018388	0.76417923	1.01658701	0.94665243	2.03065251	6.78995328	1.57202074	1.29385974	1.99465752	3.26315906	0.77319503	4.24242390	0.85362962	0.32923281	2.36967937	3.39389798	2.78952849	2.95721271	1.36255161	2.59346636	2.31752765	2.18187166	4.80470821	3.62808571	0.46863250
2.27021208	4.06188871	2.27927007	5.66771140	1.18897398	1.16662331	3.88736055	2.20604375	3.68386839	4.31375817	2.00781961	0.92356885	6.81642738	5.62970221	2.20855742	0.21086174	0.00000000	4.21216400	1.23125428	3.84276949	4.93674783	3.58514946	0.64342763	7.26545829	3.03914133	2.78800386	2.46018663	5.04660723	0.01567984	1.61897013	3.38936184	3.25810981	0.95299665	0.94567260	1.06654062	2.21836699	6.98189694	1.77988134	1.48556261	2.14723441	3.46937015	0.86553130	4.43799816	0.92378413	0.50710613	2.56200936	3.59343163	2.97888278	3.16425879	1.19140023	2.38347253	2.41868072	2.38083030	5.01450050	3.83708640	0.67457180
2.05398217	2.25136243	2.47139193	2.59963646	3.07137585	3.38034428	0.82622999	6.35462943	2.09821126	0.71489027	3.47023528	5.13197163	3.10690978	1.82122149	3.44220395	4.00269770	4.21216400	0.00000000	3.36653663	2.44955899	1.86434364	2.22226307	4.60003501	3.23919171	1.77871970	2.01854258	2.54816212	2.07832113	4.19987771	3.70434864	0.91826759	2.78171918	3.31270687	4.62414464	3.52554174	2.24421730	3.23192050	2.54217012	2.81878231	2.75304536	0.82142028	3.91078740	1.15168553	4.00284858	3.73616348	2.35539692	1.77821146	1.68976208	1.50325993	5.25900447	6.56309699	3.35289359	1.94837643	0.80475936	1.03848716	3.53942995
1.31256322	2.85074786	2.16701283	4.48773968	0.55156706	1.52314231	3.25533935	3.37290165	2.48228175	3.31460408	0.87455548	2.06008735	5.69341818	4.56334374	1.06161895	1.09715070	1.23125428	3.36653663	0.00000000	2.61882365	3.78902640	2.37363657	1.32285055	6.21682412	1.91339781	2.51175887	1.24603124	3.88069235	1.21558259	2.21372159	2.46656768	2.02723455	0.51620616	2.10569996	0.18255943	1.15312422	5.86346671	1.48794556	0.61190949	0.92663287	2.55882402	1.66943488	3.36467517	1.78323841	0.78049020	2.42979867	3.26777801	1.88693841	2.70235058	2.41674638	3.28750431	1.24553815	1.41907283	4.16365061	3.26915356	0.79519421
1.95285389	0.32683005	3.49715218	1.98382242	2.76703075	3.68870961	3.00836182	5.97960774	0.37391440	1.85823756	2.06974881	4.66999308	3.32986141	2.49319187	1.91148536	3.68738295	3.84276949	2.44955899	2.61882365	0.00000000	1.48890852	0.33011477	3.88102513	4.05794963	1.13588511	3.39755640	1.38532840	1.47929304	3.82711602	4.32026269	1.85397843	0.70125420	2.95116692	4.65066916	2.79470140	1.80800609	3.50699800	3.04013781	2.48043231	1.69556878	1.91273480	4.06928957	1.55416095	4.18857863	3.35844669	3.59269026	3.71158111	1.28924517	3.13195747	5.03304165	5.74180309	1.70414892	1.89432205	2.94228611	3.17646999	3.28406319
2.72112397	1.16207919	3.90507226	0.80895077	3.76225256	4.47599856	2.66589728	7.13763507	1.39210188	1.16125312	3.43629513	5.83009271	1.91314834	1.02585988	3.30798802	4.75185369	4.93674783	1.86434364	3.78902640	1.48890852	0.00000000	1.54225101	5.10882420	2.57343449	1.89764300	3.59941060	2.57629726	0.21434103	4.92172604	4.99263790	1.90153490	2.16326096	3.98769879	5.61235366	3.97157175	2.72165529	2.08673894	3.68067157	3.46019202	2.89304037	1.88577700	4.94779977	0.74053607	5.06042662	4.43030001	3.89086213	3.58355714	1.96776014	3.16199801	6.11217153	7.04707897	3.12195460	2.62026753	1.94211030	2.87574523	4.29956446
1.62949566	0.47724737	3.16713809	2.14204171	2.48110133	3.37926211	2.72986262	5.74544845	0.15920483	1.68766541	1.90683382	4.43302085	3.43822413	2.49688624	1.76933478	3.42209614	3.58514946	2.22226307	2.37363657	0.33011477	1.54225101	0.00000000	3.66241569	4.10887471	0.80592599	3.07068118	1.12787332	1.57780137	3.56957094	4.00271650	1.56029070	0.65164871	2.67496393	4.36935899	2.55308253	1.49717959	3.61418115	2.71593980	2.18888034	1.44730769	1.62583897	3.77271384	1.44599750	3.89158201	3.09290325	3.26307234	3.40247561	0.95981223	2.81545783	4.77653461	5.55794721	1.57988861	1.56786613	2.77750055	2.89016432	3.00603448
2.57409241	4.13624044	2.86517111	5.79445691	1.53121060	1.79029973	4.36203864	2.11352269	3.78122123	4.61434066	1.87350298	0.84263291	7.01542920	5.88265523	2.06751638	0.79572965	0.64342763	4.60003501	1.32285055	3.88102513	5.10882420	3.66241569	0.00000000	7.53452941	3.23593799	3.34980841	2.54566193	5.19528173	0.64233587	2.26096779	3.73011208	3.23595403	1.29351120	1.42362457	1.14117932	2.45723764	7.18580137	2.30546203	1.78519956	2.22443440	3.81756569	1.50567204	4.68357289	1.55533435	0.91479138	3.15012081	4.15514995	3.20509410	3.68436377	1.33933577	1.97659499	2.29105638	2.68517628	5.40444385	4.33326374	1.14025124
4.99597220	3.73174438	5.71053358	2.25521468	6.07804929	6.57414036	3.93978932	9.46289301	3.95469174	2.95635438	5.97585552	8.18524203	0.96663258	1.65517632	5.86081293	7.06480975	7.26545829	3.23919171	6.21682412	4.05794963	2.57343449	4.10887471	7.53452941	0.00000000	4.30999481	5.24422640	5.07316948	2.58670547	7.25150656	6.94043555	3.90052938	4.73662804	6.31808600	7.79981786	6.39623173	5.07949552	0.84967076	5.73210867	5.78761348	5.37574798	3.83183122	7.09407862	2.85227631	7.19389176	6.76330093	5.58534661	4.84109891	4.33010578	4.71977774	8.38888757	9.50427689	5.68349362	4.88500535	2.58039955	4.12311875	6.59698148
0.87498546	1.19124210	2.36331594	2.64392229	1.86738044	2.65912497	2.09243176	5.24117545	0.80754397	1.48296192	1.75273861	3.93576336	3.78662110	2.65490838	1.69310212	2.85461831	3.03914133	1.77871970	1.91339781	1.13588511	1.89764300	0.80592599	3.23593799	4.30999481	0.00000000	2.27147875	0.80913827	2.01354162	3.02413459	3.24897974	0.92624026	1.10200123	2.09044500	3.73558934	2.09476225	0.82646639	3.95502315	1.94183883	1.56507027	1.08027749	1.01524543	3.09445507	1.46007519	3.21068969	2.53265772	2.45738499	2.65593518	0.15748379	2.04943209	4.21581129	5.19741860	1.58264709	0.79442884	2.48696608	2.22311850	2.40508959
1.65923001	3.38787960	0.54888407	4.40420628	1.99060706	1.68444632	1.33858540	4.68080242	3.04308847	2.52004412	3.10850920	3.61864017	5.11065500	3.81948175	3.20025592	2.58787677	2.78800386	2.01854258	2.51175887	3.39755640	3.59941060	3.07068118	3.34980841	5.24422640	2.27147875	0.00000000	2.54056630	3.79244921	2.78078365	1.77830127	1.71461045	3.29004725	2.16286923	2.88197678	2.58902301	1.92896956	5.24211690	1.06172926	1.91924966	2.50546431	1.71689956	2.19534543	2.87493064	2.25546791	2.44203059	0.34356489	0.80622556	2.11458593	0.52678609	3.58906157	5.14218180	3.24646735	1.64975489	2.69085878	1.20110391	2.21494722
0.88138246	1.60510264	2.45239777	3.24890194	1.39692368	2.37567701	2.72877881	4.61864266	1.23766612	2.29193878	0.94362449	3.30594062	4.48908090	3.42097908	0.89451878	2.30222783	2.46018663	2.54816212	1.24603124	1.38532840	2.57629726	1.12787332	2.54566193	5.07316948	0.80913827	2.54056630	0.00000000	2.65250132	2.44456543	3.04400968	1.64623997	0.88810568	1.56904695	3.26962960	1.42608394	0.61871771	4.66193973	1.86173045	1.12616050	0.32151717	1.74272908	2.71108070	2.24223201	2.83074045	1.97320402	2.62732412	3.10393065	0.86295447	2.47728301	3.65140209	4.47087080	0.81824211	0.90004780	3.28431137	2.82089204	1.90249965
2.85670860	1.15671024	4.08559164	0.63972510	3.88080515	4.62447411	2.87796696	7.24176382	1.43664583	1.37357584	3.48402305	5.93135573	1.86129570	1.12381977	3.34639530	4.86562513	5.04660723	2.07832113	3.88069235	1.47929304	0.21434103	1.57780137	5.19528173	2.58670547	2.01354162	3.79244921	2.65250132	0.00000000	5.03142969	5.15519403	2.08688951	2.17177922	4.10186671	5.74383652	4.06312712	2.84000800	2.03767702	3.83968408	3.57850485	2.97239974	2.07614083	5.08771606	0.94855260	5.20157476	4.54154305	4.07916919	3.79221802	2.09584231	3.36233512	6.22778361	7.11972302	3.15257697	2.75890893	2.14386195	3.08743089	4.41850826
2.25612040	4.04632069	2.27322062	5.65242701	1.17471663	1.16319217	3.87711611	2.22065541	3.66836038	4.30002742	1.99279308	0.93681154	6.80170954	5.61547919	2.19351070	0.20003572	0.01567984	4.19987771	1.21558259	3.82711602	4.92172604	3.56957094	0.64233587	7.25150656	3.02413459	2.78078365	2.44456543	5.03142969	0.00000000	1.62155240	3.37609811	3.24245095	0.93840711	0.95907801	1.05094147	2.20354221	6.96722945	1.77068002	1.47102721	2.13157773	3.45624347	0.86901667	4.42360537	0.92901731	0.49234389	2.55617407	3.58636187	2.96411402	3.15536391	1.20699042	2.39353997	2.40349288	2.36678236	5.00234594	3.82749177	0.66170415
2.37915155	4.43445194	1.25019736	5.79384585	1.73877565	0.69654414	3.10751067	2.99829566	4.04284887	4.06696592	3.07826383	2.15941110	6.70028024	5.42178922	3.25204878	1.50611727	1.61897013	3.70434864	2.21372159	4.32026269	4.99263790	4.00271650	2.26096779	6.94043555	3.24897974	1.77830127	3.04400968	5.15519403	1.62155240	0.00000000	3.13509425	3.93179055	1.69756203	1.23236640	2.15663969	2.51542162	6.84626275	1.31844056	1.94162043	2.82326316	3.17958251	0.75621213	4.33689365	0.72610531	1.60862326	1.44583007	2.47682890	3.12383410	2.29106835	1.95862590	3.65574369	3.40590381	2.45455092	4.43489014	2.97910465	1.46422901
1.15911867	1.76032122	2.00523801	2.71036262	2.21693945	2.69067086	1.18059055	5.57161981	1.48007682	0.95084130	2.55636456	4.31290584	3.57153554	2.30833391	2.53643306	3.18392232	3.38936184	0.91826759	2.46656768	1.85397843	1.90153490	1.56029070	3.73011208	3.90052938	0.92624026	1.71461045	1.64623997	2.08688951	3.37609811	3.13509425	0.00000000	2.00928838	2.45991039	3.90220799	2.63113458	1.33024389	3.72200988	1.85627386	1.94552745	1.83708035	0.09736485	3.20114954	1.20650442	3.30448756	2.89694965	1.99272390	1.87222415	0.80837959	1.33403847	4.49073044	5.70363503	2.46022733	1.04966106	1.70052559	1.33123766	2.71547321
1.67803656	1.01564254	3.27876772	2.68470238	2.26937686	3.26320585	3.18710491	5.34632795	0.81072282	2.30835176	1.38881879	4.04502215	4.02809459	3.14064785	1.22019987	3.12018388	3.25810981	2.78171918	2.02723455	0.70125420	2.16326096	0.65164871	3.23595403	4.73662804	1.10200123	3.29004725	0.88810568	2.17177922	3.24245095	3.93179055	2.00928838	0.00000000	2.42129390	4.11378750	2.19348230	1.45746625	4.20511366	2.72690587	2.00987382	1.14552502	2.09102220	3.58499140	2.09383684	3.70448902	2.79577532	3.42476117	3.74444659	1.24898163	3.12837494	4.43845116	5.06057724	1.00742613	1.65745351	3.39238586	3.32356953	2.75309030
1.32250576	3.14822623	1.75352770	4.72711006	0.24297793	1.00749308	3.07661764	3.15904033	2.76286585	3.37121911	1.38487127	1.86742749	5.86366076	4.67889527	1.56548823	0.76417923	0.95299665	3.31270687	0.51620616	2.95116692	3.98769879	2.67496393	1.29351120	6.31808600	2.09044500	2.16286923	1.56904695	4.10186671	0.93840711	1.69756203	2.45991039	2.42129390	0.00000000	1.70058303	0.48573119	1.26680622	6.02896930	1.10291918	0.53270848	1.27722894	2.54383831	1.18313349	3.48575347	1.30058710	0.44649947	2.03008328	2.95172305	2.02653378	2.43329824	2.12591733	3.25070252	1.73574856	1.43379472	4.11746618	3.05833690	0.33350848
2.89145922	4.83943598	2.33314588	6.37809684	1.88885828	1.24742268	4.14795106	1.80011465	4.45032545	4.85215516	2.93162716	0.99246050	7.44031646	6.20383978	3.13094426	1.01658701	0.94567260	4.62414464	2.10569996	4.65066916	5.61235366	4.36935899	1.42362457	7.79981786	3.73558934	2.88197678	3.26962960	5.74383652	0.95907801	1.23236640	3.90220799	4.11378750	1.70058303	0.00000000	1.96192778	2.91340559	7.59869462	2.08203787	2.18546228	2.97456221	3.96832761	0.71399058	5.04234177	0.63158499	1.32532201	2.58070803	3.64202798	3.64807281	3.35252958	0.72794796	2.43387114	3.33399725	2.99390627	5.40254604	4.05185053	1.36715077
1.47346783	3.03001132	2.21420574	4.66964790	0.59950764	1.47809057	3.38820666	3.19257669	2.66308184	3.48875053	0.98047132	1.87996457	5.87573774	4.74322984	1.17609627	0.94665243	1.06654062	3.52554174	0.18255943	2.79470140	3.97157175	2.55308253	1.14117932	6.39623173	2.09476225	2.58902301	1.42608394	4.06312712	1.05094147	2.15663969	2.63113458	2.19348230	0.48573119	1.96192778	0.00000000	1.32671393	6.04569991	1.54476923	0.73373095	1.10577601	2.72238610	1.56861444	3.54434535	1.67862345	0.64472977	2.48458645	3.35945404	2.06612621	2.80847232	2.24572742	3.10863268	1.37328687	1.58174682	4.32498121	3.39376734	0.70297230
0.27812586	1.94925110	1.83668582	3.46968889	1.04109459	1.88214027	2.26331767	4.42343899	1.55559165	2.16205454	1.30311188	3.12335285	4.59879206	3.43078653	1.33944569	2.03065251	2.21836699	2.24421730	1.15312422	1.80800609	2.72165529	1.49717959	2.45723764	5.07949552	0.82646639	1.92896956	0.61871771	2.84000800	2.20354221	2.51542162	1.33024389	1.45746625	1.26680622	2.91340559	1.32671393	0.00000000	4.76502124	1.27048046	0.73881869	0.60565179	1.42535450	2.28660837	2.23262670	2.40445476	1.71128159	2.00861113	2.52853630	0.76104772	1.90546295	3.39053195	4.43194123	1.34193853	0.33629055	3.03052470	2.32490645	1.57876581
4.72575078	3.18972509	5.65787837	1.56827158	5.79600328	6.40862941	4.01582227	9.18782737	3.46986083	2.77964627	5.51812077	7.88775329	0.17721183	1.42748765	5.38343456	6.78995328	6.98189694	3.23192050	5.86346671	3.50699800	2.08673894	3.61418115	7.18580137	0.84967076	3.95502315	5.24211690	4.66193973	2.03767702	6.96722945	6.84626275	3.72200988	4.20511366	6.02896930	7.59869462	6.04569991	4.76502124	0.00000000	5.57803159	5.49677203	4.97730963	3.67007998	6.90961864	2.55696890	7.01649559	6.47492740	5.57262065	4.96096460	4.00397403	4.73373612	8.14077775	9.13178641	5.19024865	4.61834015	2.73268590	4.21735009	6.32881002
1.08737551	3.13228281	0.68244028	4.47893304	0.94616883	0.84240484	2.11870445	3.82836417	2.74401503	2.80426676	2.19120334	2.66186616	5.42652549	4.16345120	2.31846108	1.57202074	1.77988134	2.54217012	1.48794556	3.04013781	3.68067157	2.71593980	2.30546203	5.73210867	1.94183883	1.06172926	1.86173045	3.83968408	1.77068002	1.31844056	1.85627386	2.72690587	1.10291918	2.08203787	1.54476923	1.27048046	5.57803159	0.00000000	0.94222166	1.71566545	1.91245753	1.36912357	3.04226594	1.46404947	1.39169908	0.94206182	1.85860091	1.81114841	1.38569537	2.72801914	4.16126962	2.41281105	1.15058643	3.32419257	2.05863782	1.16532752
0.79510827	2.65574873	1.62208162	4.20705335	0.30231018	1.25830423	2.65449359	3.69156276	2.26546111	2.84460588	1.25144366	2.39916932	5.33176176	4.14680893	1.38830096	1.29385974	1.48556261	2.81878231	0.61190949	2.48043231	3.46019202	2.18888034	1.78519956	5.78761348	1.56507027	1.91924966	1.12616050	3.57850485	1.47102721	1.94162043	1.94552745	2.00987382	0.53270848	2.18546228	0.73373095	0.73881869	5.49677203	0.94222166	0.00000000	0.88233718	2.03246330	1.59006080	2.95312494	1.70958430	0.97919766	1.86823547	2.66147783	1.49577977	2.09082661	2.65204721	3.75816978	1.50404982	0.90671257	3.62222174	2.66152709	0.84002016
0.88220266	1.92428246	2.34905208	3.57030898	1.12611456	2.14025480	2.85106634	4.29824562	1.55905701	2.55521923	0.72172678	2.98572856	4.80497063	3.72154278	0.73575004	1.99465752	2.14723441	2.75304536	0.92663287	1.69556878	2.89304037	1.44730769	2.22443440	5.37574798	1.08027749	2.50546431	0.32151717	2.97239974	2.13157773	2.82326316	1.83708035	1.14552502	1.27722894	2.97456221	1.10577601	0.60565179	4.97730963	1.71566545	0.88233718	0.00000000	1.93443981	2.44054747	2.53450257	2.55992980	1.66658367	2.55045434	3.13113160	1.10309077	2.50960068	3.33753683	4.15449215	0.74267191	0.93827980	3.51260275	2.92230046	1.60998913
1.24936978	1.80510290	2.03123050	2.69327816	2.30088146	2.75036028	1.10618195	5.64712277	1.53908650	0.89210818	2.65371653	4.39291620	3.52179188	2.25144215	2.63337399	3.26315906	3.46937015	0.82142028	2.55882402	1.91273480	1.88577700	1.62583897	3.81756569	3.83183122	1.01524543	1.71689956	1.74272908	2.07614083	3.45624347	3.17958251	0.09736485	2.09102220	2.54383831	3.96832761	2.72238610	1.42535450	3.67007998	1.91245753	2.03246330	1.93443981	0.00000000	3.26465939	1.17603901	3.36660421	2.97908669	2.00520176	1.83198833	0.90139205	1.31369861	4.56368204	5.78996200	2.55608633	1.14064097	1.60634043	1.26485184	2.79504157
2.23156094	4.23350238	1.64944495	5.72535129	1.31583337	0.53401428	3.43971054	2.49271351	3.84056580	4.15195353	2.54139492	1.46856652	6.75341396	5.50723790	2.73093786	0.77319503	0.86553130	3.91078740	1.66943488	4.06928957	4.94779977	3.77271384	1.50567204	7.09407862	3.09445507	2.19534543	2.71108070	5.08771606	0.86901667	0.75621213	3.20114954	3.58499140	1.18313349	0.71399058	1.56861444	2.28660837	6.90961864	1.36912357	1.59006080	2.44054747	3.26465939	0.00000000	4.35652053	0.11966003	0.94784319	1.91087127	2.97402015	2.99551045	2.65086756	1.39534833	2.99372066	2.91191604	2.32891987	4.68855733	3.34916072	0.87424086
2.17251882	1.27541113	3.20719399	1.53231613	3.24932346	3.86250614	1.93332423	6.64315161	1.28953685	0.43682570	3.17005091	5.35151449	2.39799243	1.19909603	3.07776580	4.24242390	4.43799816	1.15168553	3.36467517	1.55416095	0.74053607	1.44599750	4.68357289	2.85227631	1.46007519	2.87493064	2.24223201	0.94855260	4.42360537	4.33689365	1.20650442	2.09383684	3.48575347	5.04234177	3.54434535	2.23262670	2.55696890	3.04226594	2.95312494	2.53450257	1.17603901	4.35652053	0.00000000	4.46483956	3.93224395	3.17530811	2.84372347	1.47848291	2.42619918	5.58739966	6.65204290	2.92495042	2.06397403	1.41814059	2.14155598	3.77836226
2.34615748	4.35188993	1.70728162	5.83953966	1.43541228	0.62256499	3.51643605	2.42569113	3.95883881	4.25530243	2.65381023	1.45170377	6.86094177	5.61177100	2.84431601	0.85362962	0.92378413	4.00284858	1.78323841	4.18857863	5.06042662	3.89158201	1.55533435	7.19389176	3.21068969	2.25546791	2.83074045	5.20157476	0.92901731	0.72610531	3.30448756	3.70448902	1.30058710	0.63158499	1.67862345	2.40445476	7.01649559	1.46404947	1.70958430	2.55992980	3.36660421	0.11966003	4.46483956	0.00000000	1.05103115	1.96152623	3.02491720	3.11053705	2.72144734	1.33512393	2.96864579	3.02692022	2.44266900	4.77673169	3.42066074	0.98835882
1.76733166	3.56863217	1.97414071	5.16420632	0.68527620	0.99193454	3.45611549	2.71291186	3.18740362	3.81440094	1.62469036	1.42195204	6.30936867	5.12512629	1.82081123	0.32923281	0.50710613	3.73616348	0.78049020	3.35844669	4.43030001	3.09290325	0.91479138	6.76330093	2.53265772	2.44203059	1.97320402	4.54154305	0.49234389	1.60862326	2.89694965	2.79577532	0.44649947	1.32532201	0.64472977	1.71128159	6.47492740	1.39169908	0.97919766	1.66658367	2.97908669	0.94784319	3.93224395	1.05103115	0.00000000	2.25884354	3.24570873	2.47177964	2.76963558	1.68904243	2.83098671	2.01676748	1.87837298	4.54037672	3.42177697	0.22709843
1.75553095	3.60857230	0.28508200	4.69845933	1.88737183	1.42148570	1.68143264	4.38074210	3.24947694	2.83460794	3.10050966	3.35805381	5.43901102	4.14782820	3.21115427	2.36967937	2.56200936	2.35539692	2.42979867	3.59269026	3.89086213	3.26307234	3.15012081	5.58534661	2.45738499	0.34356489	2.62732412	4.07916919	2.55617407	1.44583007	1.99272390	3.42476117	2.03008328	2.58070803	2.48458645	2.00861113	5.57262065	0.94206182	1.86823547	2.55045434	2.00520176	1.91087127	3.17530811	1.96152623	2.25884354	0.00000000	1.06355237	2.30345514	0.87023208	3.29641804	4.88608103	3.28032290	1.76739773	3.03433596	1.53932121	2.03403433
2.25045404	3.63253919	1.32952716	4.35520204	2.76643078	2.47684867	0.95539329	5.44141343	3.33959837	2.42894677	3.78742528	4.41446904	4.84884871	3.58088948	3.85512746	3.39389798	3.59343163	1.77821146	3.26777801	3.71158111	3.58355714	3.40247561	4.15514995	4.84109891	2.65593518	0.80622556	3.10393065	3.79221802	3.58636187	2.47682890	1.87222415	3.74444659	2.95172305	3.64202798	3.35945404	2.52853630	4.96096460	1.85860091	2.66147783	3.13113160	1.83198833	2.97402015	2.84372347	3.02491720	3.24570873	1.06355237	0.00000000	2.50198582	0.62670659	4.35957336	5.94068590	3.87046768	2.20905198	2.26412183	0.74675790	3.01862724
0.76492353	1.33004396	2.21425976	2.73136639	1.79700711	2.54769716	1.95857201	5.18432337	0.95286225	1.45456457	1.80031062	3.88418224	3.83781066	2.67756126	1.75701514	2.78952849	2.97888278	1.68976208	1.88693841	1.28924517	1.96776014	0.95981223	3.20509410	4.33010578	0.15748379	2.11458593	0.86295447	2.09584231	2.96411402	3.12383410	0.80837959	1.24898163	2.02653378	3.64807281	2.06612621	0.76104772	4.00397403	1.81114841	1.49577977	1.10309077	0.90139205	2.99551045	1.47848291	3.11053705	2.47177964	2.30345514	2.50198582	0.00000000	1.89357537	4.14702544	5.17442240	1.66324031	0.67444542	2.42184300	2.08295648	2.33341285
1.62770290	3.07807917	1.04313138	3.95818493	2.22907537	2.12413394	0.81668585	5.14357901	2.76389870	2.04684217	3.17599439	4.03212636	4.60581768	3.31605724	3.23712469	2.95721271	3.16425879	1.50325993	2.70235058	3.13195747	3.16199801	2.81545783	3.68436377	4.71977774	2.04943209	0.52678609	2.47728301	3.36233512	3.15536391	2.29106835	1.33403847	3.12837494	2.43329824	3.35252958	2.80847232	1.90546295	4.73373612	1.38569537	2.09082661	2.50960068	1.31369861	2.65086756	2.42619918	2.72144734	2.76963558	0.87023208	0.62670659	1.89357537	0.00000000	4.04516852	5.54229671	3.24712162	1.58339693	2.16410427	0.69943621	2.54523357
3.41532374	5.25322720	3.04160212	6.85236979	2.35019600	1.92197689	4.82816236	1.10126526	4.87454198	5.43266451	3.14074756	0.54984587	7.97772537	6.76904903	3.34079019	1.36255161	1.19140023	5.25900447	2.41674638	5.03304165	6.11217153	4.77653461	1.33933577	8.38888757	4.21581129	3.58906157	3.65140209	6.22778361	1.20699042	1.95862590	4.49073044	4.43845116	2.12591733	0.72794796	2.24572742	3.39053195	8.14077775	2.72801914	2.65204721	3.33753683	4.56368204	1.39534833	5.58739966	1.33512393	1.68904243	3.29641804	4.35957336	4.14702544	4.04516852	0.00000000	1.73694222	3.55910065	3.52344600	6.04904152	4.74265953	1.81377061
4.54971867	6.02133595	4.61199945	7.69998375	3.49271091	3.46503413	6.27057019	1.15629673	5.68840907	6.59077298	3.67330568	1.52858839	8.95943759	7.85042720	3.84191808	2.59346636	2.38347253	6.56309699	3.28750431	5.74180309	7.04707897	5.55794721	1.97659499	9.50427689	5.19741860	5.14218180	4.47087080	7.11972302	2.39353997	3.65574369	5.70363503	5.06057724	3.25070252	2.43387114	3.10863268	4.43194123	9.13178641	4.16126962	3.75816978	4.15449215	5.78996200	2.99372066	6.65204290	2.96864579	2.83098671	4.88608103	5.94068590	5.17442240	5.54229671	1.73694222	0.00000000	4.06039280	4.66096956	7.36782027	6.21968005	3.03828854
1.62001482	2.00677888	3.06747666	3.68685615	1.66736842	2.70958995	3.54400462	4.40271597	1.73064425	3.03953264	0.41939787	3.12268242	5.01379208	4.05475364	0.22415741	2.31752765	2.41868072	3.35289359	1.24553815	1.70414892	3.12195460	1.57988861	2.29105638	5.68349362	1.58264709	3.24646735	0.81824211	3.15257697	2.40349288	3.40590381	2.46022733	1.00742613	1.73574856	3.33399725	1.37328687	1.34193853	5.19024865	2.41281105	1.50404982	0.74267191	2.55608633	2.91191604	2.92495042	3.02692022	2.01676748	3.28032290	3.87046768	1.66324031	3.24712162	3.55910065	4.06039280	0.00000000	1.66680904	4.06885264	3.63030872	2.03867443
0.11160566	1.98250399	1.62850760	3.39698664	1.19309684	1.87364277	1.92862669	4.58261162	1.59348014	1.93811507	1.63931798	3.30032035	4.45651669	3.25015382	1.67365101	2.18187166	2.38083030	1.94837643	1.41907283	1.89432205	2.62026753	1.56786613	2.68517628	4.88500535	0.79442884	1.64975489	0.90004780	2.75890893	2.36678236	2.45455092	1.04966106	1.65745351	1.43379472	2.99390627	1.58174682	0.33629055	4.61834015	1.15058643	0.90671257	0.93827980	1.14064097	2.32891987	2.06397403	2.44266900	1.87837298	1.76739773	2.20905198	0.67444542	1.58339693	3.52344600	4.66096956	1.66680904	0.00000000	2.74458337	1.98861629	1.71580603
2.85177090	2.68458164	3.18706417	2.50728679	3.87611225	4.15560135	1.36459965	7.14700797	2.63290688	1.09008062	4.22096143	5.93307074	2.63822562	1.45559622	4.17687978	4.80470821	5.01450050	0.80475936	4.16365061	2.94228611	1.94211030	2.77750055	5.40444385	2.58039955	2.48696608	2.69085878	3.28431137	2.14386195	5.00234594	4.43489014	1.70052559	3.39238586	4.11746618	5.40254604	4.32498121	3.03052470	2.73268590	3.32419257	3.62222174	3.51260275	1.60634043	4.68855733	1.41814059	4.77673169	4.54037672	3.03433596	2.26412183	2.42184300	2.16410427	6.04904152	7.36782027	4.06885264	2.74458337	0.00000000	1.54311742	4.34249897
2.06218116	3.05190591	1.73735565	3.63166781	2.83926494	2.82087069	0.21241001	5.84177761	2.80320571	1.71467941	3.62778303	4.71756362	4.10350535	2.83413343	3.65760907	3.62808571	3.83708640	1.03848716	3.26915356	3.17646999	2.87574523	2.89016432	4.33326374	4.12311875	2.22311850	1.20110391	2.82089204	3.08743089	3.82749177	2.97910465	1.33123766	3.32356953	3.05833690	4.05185053	3.39376734	2.32490645	4.21735009	2.05863782	2.66152709	2.92230046	1.26485184	3.34916072	2.14155598	3.42066074	3.42177697	1.53932121	0.74675790	2.08295648	0.69943621	4.74265953	6.21968005	3.63030872	1.98861629	1.54311742	0.00000000	3.20107599
1.60625654	3.47836938	1.74961464	5.04657586	0.53771045	0.80989279	3.23921574	2.86709237	3.09171502	3.64306261	1.66784657	1.59794095	6.16506078	4.96586833	1.85672764	0.46863250	0.67457180	3.53942995	0.79519421	3.28406319	4.29956446	3.00603448	1.14025124	6.59698148	2.40508959	2.21494722	1.90249965	4.41850826	0.66170415	1.46422901	2.71547321	2.75309030	0.33350848	1.36715077	0.70297230	1.57876581	6.32881002	1.16532752	0.84002016	1.60998913	2.79504157	0.87424086	3.77836226	0.98835882	0.22709843	2.03403433	3.01862724	2.33341285	2.54523357	1.81377061	3.03828854	2.03867443	1.71580603	4.34249897	3.20107599	0.00000000

EDGE_KM_T
0.00000000	2.31934158	2.24362670	4.08962592	1.50197930	1.83940017	2.27234530	6.11131256	1.91017058	2.87987240	1.62541132	4.43115943	6.01339803	4.60214338	1.85040493	2.83583126	3.13226626	2.82442895	1.80686747	2.43441351	3.34299705	1.98935124	3.63975882	6.93844429	0.89099501	2.29816787	1.22390564	3.38419838	3.11493580	2.69882842	1.63071926	2.35205799	1.84540469	3.58789405	2.05403891	0.35083834	6.26377799	1.36700273	1.11988399	1.05884871	1.75140701	2.59098122	2.92294618	2.69521870	2.45503593	2.48248722	2.81142330	0.85055023	1.99243216	4.55436468	6.43359286	2.02540285	0.15726906	3.95892445	2.14179068	2.18083996
2.31927172	0.00000000	4.56265921	2.33741249	3.25388174	4.04788340	4.02763484	7.86281211	0.40916715	1.98842954	3.26055225	6.18276859	4.26089485	2.84967127	3.08692850	4.58762407	4.88401863	2.99787120	3.55864398	0.44766837	1.59076883	0.58873899	5.39135573	5.18570317	1.42828069	4.61709834	1.98806788	1.63200207	4.86668859	5.01801523	2.48641210	1.43593503	3.59726621	5.33974512	3.80579417	1.96849847	4.51124246	3.68619285	2.87180986	2.41171704	2.55270232	4.34293537	1.37218171	4.44717643	4.20684264	4.80145034	5.13016522	1.65083186	4.31131662	6.30605320	8.18485540	2.82261174	2.30590492	3.08957744	4.29815770	3.93270100
2.24377615	4.56316137	0.00000000	5.01671569	1.95100736	1.53867645	2.57338380	5.81092504	4.15398797	3.18080076	3.86942857	4.13070343	6.31441257	4.90313851	4.09442613	2.53526053	2.83172080	3.12543070	2.66899631	4.67827660	4.14990006	4.23319094	3.33931047	7.23960750	3.13477365	0.77432595	3.46779411	4.45026749	2.81439007	1.70843886	2.07627605	4.59599077	1.93997024	3.28728692	2.59444825	2.59465516	6.56481275	0.87672244	2.14278103	3.30275707	2.05229196	2.29030969	3.22383043	2.39454494	2.15445652	0.32476030	1.79245417	2.91217957	1.45370851	4.25385911	6.13335342	4.26941718	2.25711416	4.26002054	2.44283996	1.88022660
4.08935263	2.33725339	5.01653755	0.00000000	5.59108094	5.92872980	4.48134104	10.19973498	2.71522479	2.44225664	5.59758887	8.51976664	1.92328364	1.58792193	5.42396079	6.92474807	7.22111489	3.45161774	5.89575681	2.78487424	0.86678144	2.92597053	7.72834537	2.84792878	3.23066841	5.07090668	4.32524589	0.70539869	7.20378515	6.09871991	2.94030265	3.77306438	5.93443734	7.67690909	6.14289241	4.26706839	2.17360906	4.79379624	5.20902513	4.74887320	3.00657708	6.68017003	1.82605723	6.78441355	6.54397617	5.25528108	5.58384426	3.23884021	4.76509341	8.64310567	10.52161570	5.15965157	3.93211344	3.54322042	4.75185208	6.26987181
1.50204491	3.25399559	1.95093593	5.59174227	0.00000000	1.43579584	3.77460625	4.60951083	2.87603237	4.38205565	1.91837760	2.92930938	7.51564207	6.10437373	2.14337399	1.33390028	1.63035311	4.32666397	0.71796578	2.80622737	4.84511993	2.66521069	2.13791418	8.44079320	2.36072066	2.00552208	1.51678107	4.88630720	1.61302245	2.40606965	3.13286174	2.64496468	0.34344342	2.08593739	0.64341381	1.32419073	7.76603630	1.07424250	0.38210564	1.35173817	3.25355964	1.50895510	4.42509832	1.64226594	0.95309882	2.18982703	2.99366932	2.35260502	2.65494990	3.05247967	4.93189559	2.31836706	1.65932178	5.46122601	3.64405923	0.67887890
1.83941212	4.04798886	1.53873999	5.92918005	1.43585471	0.00000000	4.11218685	4.27238381	3.63881450	4.71955951	3.35433549	2.59213465	7.85320599	6.44192412	3.57933463	0.99664560	1.29311604	4.66421897	2.15387530	4.16312150	5.18256415	3.71802644	1.80074478	8.77846069	2.69808614	2.31309158	2.95264922	5.22373753	1.27578520	0.97031672	3.47032532	4.08086371	1.42482787	1.74865735	2.07933259	2.07948146	8.10361429	1.13517755	1.62762249	2.78762019	3.59103325	0.75165423	4.76257145	0.85588857	1.26042860	1.86351772	3.33126716	2.68998199	2.99248569	2.71527039	4.59487175	3.75432292	1.99669671	5.79884674	3.98164733	1.09325780
2.27227747	4.02811740	2.57319226	4.48184875	3.77423616	4.11167575	0.00000000	8.38351364	3.61894693	2.03935722	3.78111089	6.70337568	4.05244215	2.89352652	3.60749259	5.10807294	5.40450235	1.02981433	4.07910690	4.14317974	3.61504441	3.69812265	5.91197338	4.66607138	2.59977995	1.79894418	2.93266625	3.91538749	5.38717194	4.28151336	1.54145436	4.06080878	4.11765588	5.86014380	4.32627539	2.45009395	4.04006387	2.97659481	3.39214409	2.93212552	1.47514430	4.86324524	2.65566586	4.96748322	4.72727954	2.24848491	1.10256450	2.37720602	1.11959674	6.82659193	8.70576112	3.73413556	2.11501086	1.68656640	0.27053771	4.45309109
6.11236108	7.86420980	5.81193394	10.20229504	4.61009888	4.27293499	8.38563786	0.00000000	7.48625219	8.99282996	4.60274089	1.68036143	12.12661773	10.71530404	4.77634628	3.27603858	2.97952672	8.93760973	4.30497140	7.41634044	9.45569430	7.27537840	2.47173876	13.05211612	6.97103103	6.58639005	5.87582311	9.49683500	2.99685800	4.10329829	7.74350104	6.42775025	4.26659573	2.52408651	4.05775957	5.93441189	12.37705917	5.40821008	4.99223872	5.45208160	7.86423255	3.52119521	9.03576961	3.41696453	3.65686032	6.13678275	7.60475873	6.96295393	7.26583128	1.55730697	1.60313211	5.04069495	6.26966382	10.07239216	8.25511600	3.93115955
1.91011733	0.40916790	4.15355108	2.71542536	2.87592901	3.63872638	3.61857525	7.48493729	0.00000000	1.57933584	2.88264535	5.80487257	4.63896375	3.22773416	2.70902283	4.20969254	4.50609491	2.58880022	3.18071560	0.52418393	1.96878455	0.21077714	5.01346208	5.56381808	1.01912553	4.20800994	1.61012113	2.01001163	4.48876480	4.60887726	2.07730052	1.05800199	3.21932139	4.96180232	3.42786990	1.55933149	4.88931761	3.27705424	2.49385260	2.03377644	2.14359519	3.96497264	1.54868011	4.06921301	3.82890842	4.39235563	4.72111328	1.24168181	3.90223711	5.92814183	7.80702641	2.44470394	1.89675395	2.68053566	3.88910144	3.55475628
2.87962490	1.98851070	3.18069520	2.44239285	4.38148681	4.71901431	2.03924260	8.99050236	1.57934273	0.00000000	4.38820743	7.31043567	3.13341684	1.72218669	4.21458503	5.71525231	6.01165542	1.00946651	4.68627568	2.10352799	1.57559813	1.71633408	6.51902540	4.05827549	2.02094426	2.62867459	3.11567948	1.87592047	5.99432530	4.88891599	1.24908021	2.56356162	4.72487992	6.46736105	4.93343035	3.05739907	3.38377129	3.58399529	3.99940997	3.53933537	1.12841061	5.47052950	0.61626275	5.57476980	5.33446794	2.85603297	3.14178136	2.02909235	2.32290260	7.43370350	9.31259576	3.95026594	2.72236981	1.10120469	2.30976911	5.06031482
1.62540028	3.26085926	3.86902013	5.59849708	1.91826634	3.35399871	3.78120706	4.60242097	2.88289424	4.38873921	0.00000000	2.92227098	7.52226088	6.11100713	0.22499342	2.36169905	2.32964605	4.33329239	1.20035967	2.81312358	4.85186779	2.67208932	2.13087001	8.44730032	2.36755342	3.92355838	1.27268461	4.89307003	2.31581250	4.32422627	3.13958872	1.82474856	1.92933020	3.58694760	1.27492162	1.33105217	7.77263992	2.99240067	1.72647736	0.84900452	3.26027581	3.42719717	4.43181501	3.56050634	2.09377906	4.10787866	4.43680840	2.35942539	3.61782134	3.23320963	4.92469451	0.43794505	1.66614436	5.46778356	3.65065195	2.26090071
4.43173163	6.18362269	4.13115950	8.52156733	2.92955967	2.59231381	6.70471128	1.68029499	5.80566275	7.31201024	2.92234536	0.00000000	10.44571439	9.03441953	3.09595459	1.59556583	1.29907848	7.25671881	2.62450852	5.73579534	7.77495761	5.59481060	0.89093834	11.37106856	5.29040399	4.90555375	4.19530264	7.81611765	1.31640951	2.42261737	6.06273739	4.74727276	2.58608133	1.12173912	2.37730958	4.25382190	10.69613622	3.72753117	3.31168531	3.77158043	6.18345494	1.84062466	7.35499267	1.73639181	1.97637915	4.45596624	5.92380814	5.28231088	5.58496709	0.76778613	2.00288203	3.36029659	4.58902362	8.39140970	6.57417897	2.25064544
6.01247033	4.26034544	6.31384313	1.92317724	7.51414397	7.85184249	4.05236873	12.12265002	4.63831824	3.13324238	7.52056483	10.44272194	0.00000000	1.41119086	7.34693442	8.84777083	9.14412279	3.18892703	7.81877358	4.70794083	2.66983648	4.84905087	9.65129617	1.00694624	5.15378465	5.53979045	6.24829756	2.62856964	9.12679321	8.02186880	4.38220561	5.69609000	7.85748533	9.59995324	8.06590138	6.19016218	0.25031354	6.71694391	7.13209676	6.67191318	4.26156513	8.60325204	3.09002370	8.70749688	8.46700403	5.98926865	5.15485741	5.16196614	4.86053108	10.56609012	12.44444368	7.08262924	5.85523765	3.11421426	4.32287344	8.19291963
4.60154524	2.84946448	4.90276696	1.58799032	6.10331291	6.44092602	2.89343746	10.71207344	3.22743485	1.72211903	6.10988349	9.03207613	1.41121048	0.00000000	5.93625708	7.43700902	7.73338653	1.86369860	6.40802207	3.29710364	1.25879966	3.43819003	8.24065810	2.33591852	3.74286208	4.12864982	4.83748602	1.21755297	7.71605668	6.61089008	2.97114069	4.28532327	6.44668012	8.18915463	6.65516329	4.77927821	1.66154446	5.30596728	5.72125091	5.26112176	2.85048567	7.19238833	1.67894493	7.29663090	7.05623345	4.57814865	3.99595115	3.75102689	3.44936140	9.15539419	11.03401680	5.67194496	4.44430137	1.95534120	3.16395305	6.78211472
1.85035530	3.08721011	4.09395173	5.42482521	2.14323594	3.57895507	3.60750307	4.77602296	2.70924471	4.21505249	0.22499280	3.09588369	7.34856065	5.93730994	0.00000000	2.58667938	2.55463034	4.15959417	1.42534160	2.63948120	4.67819447	2.49844329	2.30448153	8.27357680	2.19389781	4.14847999	1.09904621	4.71939984	2.54079675	4.54917298	2.96591105	1.65111711	2.15430381	3.81192223	1.49990562	1.49952520	7.59893652	3.21734771	1.95144466	0.79153336	3.08659589	3.65216171	4.25813520	3.78547053	2.31875803	4.33280348	4.66171156	2.18576720	3.84273846	3.45820016	5.09827329	0.26432637	1.83700398	5.29407056	3.82968451	2.48587436
2.83605799	4.58797818	2.53538609	6.92582608	1.33394811	0.99664585	5.10883320	3.27573851	4.21001664	5.71620568	2.36181443	1.59548924	8.84985230	7.43857040	2.58681358	0.00000000	0.29647048	5.66086526	1.16135413	4.14017973	6.17921019	3.99917938	0.80409938	9.77510724	3.69473200	3.30973778	2.59970397	6.22038354	0.27913963	1.96283825	4.46697141	3.15170368	0.99048684	1.22530132	1.08681144	2.65817540	9.10026063	2.13182349	1.71606398	2.17599504	4.58767936	1.06564425	5.75921755	1.19895666	0.38080752	2.86016390	4.32791355	3.68662788	3.98913194	1.71862489	3.59822669	2.76180186	2.99334259	6.79549318	4.97829370	0.65505115
3.13254786	4.88446352	2.83189149	7.22232647	1.63042833	1.29313484	5.40535489	2.97928444	4.50650223	6.01271593	2.32973045	1.29902805	9.14637150	7.73508759	2.55473001	0.29647310	0.00000000	5.95738313	1.32542153	4.43666058	6.47571155	4.29566266	0.75519059	10.07164188	3.99122162	3.60624981	2.89618218	6.51688282	0.01733087	1.99495279	4.76347566	3.44817729	1.28696440	1.25739735	1.07823008	2.95466105	9.39678194	2.42831867	2.01254572	2.47247119	4.88418510	1.09774697	6.05572322	1.23105961	0.67728152	3.15667380	4.62443781	3.98311922	4.28564695	1.42215856	3.30178801	2.72971758	3.28983362	7.09202085	5.27481651	0.95152868
2.82420166	2.99810833	3.12520939	3.45192980	4.32610251	4.66359464	1.02979148	8.93522346	2.58893936	1.00949724	4.33288515	7.25512809	3.18895829	1.86370807	4.15926439	5.65989670	5.95631039	0.00000000	4.63092432	3.11314375	2.58513121	2.66810120	6.46372103	4.11387919	1.96552206	2.35100096	3.06030327	2.88546189	5.93898015	4.83347054	1.19359906	3.03072944	4.66950633	6.41199019	4.87808456	3.00199286	3.43932120	3.52855071	3.94401954	3.48396749	1.07292343	5.41513168	1.62577846	5.51937105	5.27910869	2.80052900	2.13234059	1.97366325	1.67167138	7.37837516	9.25737886	3.89494243	2.66694193	1.13441594	1.30032249	5.00494135
1.80696072	3.55891848	2.66884958	5.89664164	0.71795301	2.15373513	4.07947233	4.30453907	3.18095487	4.68693963	1.20040055	2.62434874	7.82051205	6.40924686	1.42539630	1.16134537	1.32540698	4.63153603	0.00000000	3.11115729	5.15001779	2.97013681	1.83295229	8.74563904	2.66563687	2.72342537	1.57070338	5.19120830	1.30807637	3.12399895	3.43775509	2.12274123	0.72900181	2.38661536	0.24717865	1.62911314	8.07090299	1.79217213	0.68703417	1.14701157	3.55845066	2.22690286	4.72998945	2.36021334	0.89343049	2.90773364	3.29853139	2.65751856	2.95982643	2.74752707	4.62689980	1.60039049	1.96423579	5.76608275	3.94892357	1.06057214
2.43428573	0.44767404	4.67769277	2.78510548	2.80621416	4.16289630	4.14268891	7.41517746	0.52417577	2.10346920	2.81290404	5.73512498	4.70861152	3.29738541	2.63928081	4.13996545	4.43636331	3.11292046	3.11098670	0.00000000	2.03846303	0.44502789	4.94371312	5.63343929	1.54329437	4.73214023	1.54040283	2.07969366	4.41903324	5.13303618	2.60144420	0.98827577	3.14960197	4.89208174	3.35813862	2.08350716	4.95896178	3.80121353	2.53547441	1.96405459	2.66773630	4.23616907	1.61835117	4.36947505	3.75918288	4.91648957	5.24522253	1.76584771	4.42636227	5.85840310	7.73724012	2.37496315	2.42092037	3.20463903	4.41321318	3.48503681
3.34276895	1.59069741	4.14978080	0.86678731	4.84455629	5.18215153	3.61468380	9.45337005	1.96866728	1.57552951	4.85115819	7.77335826	2.67004646	1.25883187	4.67753262	6.17826688	6.47464974	2.58493718	5.14928208	2.03834573	0.00000000	2.17942718	6.98194185	3.59478593	2.48408632	4.20419040	3.57873348	0.30030635	6.45731983	5.35210257	2.07353884	3.02658010	5.18792891	6.93040480	5.39642611	3.52051052	2.92038471	4.04718021	4.46249119	4.00237343	2.13982240	5.93362488	0.95930211	6.03786698	5.79748947	4.38855185	4.71720272	2.49224764	3.89839536	7.89666583	9.77534474	4.41321904	3.18552274	2.67659972	3.88520168	5.52336357
1.98927248	0.58874618	4.23271396	2.92621103	2.66515340	3.71788108	3.69774624	7.27417470	0.21077829	1.71633998	2.67187740	5.59410644	4.84975878	3.43852819	2.49825509	3.99892047	4.29532415	2.66796932	2.96994406	0.44503328	2.17957070	0.00000000	4.80269634	5.77462080	1.09828055	4.28717612	1.39934651	2.22079674	4.27799402	4.68803516	2.15646283	0.84722967	3.00854710	4.75102837	3.21709904	1.63848454	5.10011369	3.35621203	2.28307623	1.82300286	2.22275825	3.79114183	1.75946841	3.92444833	3.61813590	4.47152075	4.80028556	1.32083769	3.98140478	5.71737314	7.59627149	2.23393584	1.97590968	2.79518414	3.96827299	3.34398200
3.64015923	5.39207914	3.33948832	7.72992799	2.13804875	1.80074704	5.91293646	2.47163954	5.01411761	6.52030822	2.13093233	0.89093328	9.65395540	8.24267338	2.30454417	0.80410018	0.75518115	6.46496828	1.83304961	4.94428041	6.98331216	4.80328021	0.00000000	10.57921131	4.49883323	4.11384043	3.40380448	7.02448538	0.74134799	2.75011060	5.27107357	3.95580390	1.79458731	2.01257250	1.58585944	3.46227638	9.90436387	2.93592508	2.52016471	2.98009542	5.39178161	1.85291585	6.56331980	1.98622827	1.18490776	3.66426641	5.13201697	4.49072922	4.79323478	1.65868663	2.79412870	2.56888163	3.79744391	7.59959682	5.78239703	1.45915161
6.93704204	5.18491856	7.23841001	2.84774567	8.43871869	8.77641448	4.66569324	13.04723288	5.56289129	4.05780775	8.44514434	11.36730259	1.00695106	2.33575406	8.27151406	9.77234777	10.06870054	4.11349002	8.74335085	5.63251536	3.59440462	5.77362464	10.57587707	0.00000000	6.07835645	6.46435526	7.17287291	3.55313842	10.05137095	8.94643880	5.30677285	6.62066678	8.78206088	10.52452900	8.99047907	7.11473521	0.99463407	7.64151397	8.05667101	7.59648917	5.18613190	9.52782572	4.01459049	9.63207048	9.39158069	6.91383412	5.44672812	6.08653740	5.78509496	11.49066917	13.36903132	8.00720866	6.77980900	2.97930147	4.79628289	9.11749519
0.89099330	1.42831826	3.13451721	3.23087704	2.36059454	2.69807352	2.59963599	6.96975468	1.01914891	2.02105831	2.36740023	5.28964865	5.15452465	3.74328335	2.19378009	3.69439939	3.99081701	1.96556437	2.66542860	1.54336041	2.48424182	1.09831423	4.49824277	6.07946867	0.00000000	3.18901454	1.09479830	2.52545686	3.97348673	3.58978524	1.05825994	1.46095696	2.70400234	4.44648722	2.91259090	1.03647674	5.40489071	2.25796097	1.97850930	1.51846562	1.12456329	3.44961868	2.06416241	3.55385770	3.31361003	3.37334792	3.70218895	0.22256624	2.88325905	5.41288800	7.29193313	1.92945706	0.87763660	3.09999499	2.87016868	3.03943741
2.29832078	4.61769366	0.77430792	5.07128897	2.00552568	2.31293970	1.79903153	6.58509319	4.20852094	2.62870842	3.92390501	4.90489095	5.54006708	4.12879851	4.14890144	3.30948050	3.60593362	2.35108882	2.72349238	4.73279664	4.20447595	4.28771760	4.11349583	6.46521996	3.18931757	0.00000000	3.52230697	4.50483774	3.58860296	2.48271951	2.13085981	4.65049110	2.31902314	4.06151718	2.64894056	2.64918829	5.79046154	1.17780291	2.19730350	3.35726431	2.06453624	3.06455817	3.24505846	3.16879405	2.92867894	0.44955988	1.01809490	2.96672816	0.67937443	5.02806065	6.90747967	4.32389444	2.31166192	3.48565198	1.66848464	2.65445862
1.22386204	1.98815114	3.46743071	4.32573933	1.51675995	2.95246339	2.93259645	5.87502599	1.61018530	3.11594900	1.27264050	4.19489945	6.24944115	4.83819404	1.09902155	2.59961582	2.89604101	3.06047704	1.57064808	1.54043028	3.57910687	1.39938802	3.40349586	7.17442969	1.09483120	3.52194713	0.00000000	3.62031595	2.87871065	3.92266986	1.86681829	1.12813514	1.60920591	3.35169274	1.81781436	0.87303948	6.49981327	2.59084497	1.32496595	0.42367328	1.98750046	3.02567972	3.15903989	3.15898812	2.21882386	3.70627440	4.03515682	1.08669752	3.21620025	4.31812395	6.19724881	0.83469646	1.21050865	4.19493591	3.20313236	1.94464107
3.38399926	1.63192186	4.45007925	0.70540403	4.88577410	5.22338069	3.91496119	9.49455405	2.00989205	1.87582169	4.89235611	7.81455146	2.62877823	1.21756626	4.71873001	6.21947550	6.51585495	2.88521950	5.19048933	2.07956436	0.30030368	2.22064895	7.02313402	3.55349773	2.52531629	4.50448028	3.61994870	0.00000000	6.49852508	5.39334001	2.37383879	3.06778937	5.22914329	6.97161830	5.43763158	3.56173536	2.87911377	4.08841737	4.50371097	4.04358597	2.44012041	5.97484703	1.25960022	6.07908943	5.83869925	4.68884448	5.01747679	2.53347983	4.19868139	7.93786569	9.81650885	4.45441735	3.22675453	2.97686937	4.18547762	5.56457791
3.11521471	4.86713090	2.81455651	7.20499208	1.61309632	1.27580179	5.38801798	2.99661337	4.48916958	5.99538038	2.31589665	1.31635783	9.12903489	7.71775121	2.54089617	0.27914192	0.01733087	5.94004668	1.30809048	4.41932849	6.45837704	4.27833028	0.74135627	10.05430345	3.97388850	3.58891404	2.87885040	6.49954856	0.00000000	2.00878298	4.74614081	3.43084605	1.26963270	1.27122973	1.06089919	2.93732840	9.37944508	2.41098489	1.99521352	2.45513965	4.86685008	1.11157856	6.03838821	1.24489117	0.65995024	3.13933829	4.60710060	3.96578589	4.26831083	1.43948894	3.31911513	2.71588381	3.27250033	7.07468324	5.25747947	0.93419698
2.69892657	5.01834889	1.70852080	6.09893929	2.40623685	0.97034430	4.28203791	4.10282434	4.60917346	4.88936123	4.32478396	2.42254451	8.02304631	6.61175575	4.54978488	1.96293401	1.99503491	4.83405356	3.12429269	5.13350093	5.35232753	4.68839539	2.75025875	8.94836761	3.58992618	2.48290095	3.92304001	5.39349198	2.00886795	0.00000000	3.64010116	5.05127435	2.39522146	1.57899951	3.04975592	3.04984015	8.27346367	1.33182952	2.59799808	3.75801989	3.76081553	0.89724477	4.93235341	0.76393137	2.23083753	2.03331796	3.50112930	3.36731808	3.16230794	2.54565804	4.42537860	4.72477009	2.71225517	5.96872360	4.15150321	2.06365152
1.63063969	2.48659868	2.07625852	2.94038129	3.13256549	3.47003496	1.54139495	7.74175394	2.07742907	1.24911991	3.13938784	6.06164021	4.38259595	2.97135247	2.96576815	4.46637804	4.76279851	1.19363423	3.43740840	2.60164571	2.07358022	2.15659689	5.27023519	5.30755671	1.05827579	2.13076302	1.86677142	2.37391625	4.74546820	3.63989435	0.00000000	2.51925010	3.47597616	5.21846177	3.68457220	1.80844180	4.63296429	2.33497507	2.75047859	2.29044098	0.12067948	4.22158599	1.29221904	4.32582476	4.08558771	2.31509411	2.64395070	0.83570770	1.82501078	6.18487398	8.06394906	2.70144434	1.47337700	2.32807547	1.81192885	3.81141127
2.35189371	1.43599738	4.59536367	3.77348983	2.64485307	4.08050069	4.06042582	6.42698088	1.05802995	2.56363686	1.82466383	4.74689957	5.69707208	4.28583779	1.65104227	3.15169173	3.44810023	3.03064190	2.12271726	0.98830511	3.02685127	0.84724740	3.95549093	6.62196242	1.46090131	4.64983797	1.12810587	3.06807351	3.43077005	5.05066650	2.51911042	0.00000000	2.65594257	4.31356651	2.36987477	2.00109802	5.94743084	3.71884298	2.45304940	1.29318367	2.58540857	4.15375150	2.60675688	4.28705842	2.82042577	4.83417872	5.16296985	1.68346159	4.34407211	4.87015682	6.74910588	1.38672172	2.33853302	3.64251298	4.33095463	2.98751337
1.84550485	3.59744945	1.93992861	5.93521632	0.34344698	1.42476652	4.11810885	4.26609891	3.21948656	4.72554291	1.92943932	2.58588793	7.85914134	6.44787030	2.15443626	0.99046284	1.28691919	4.67016145	0.72901783	3.14967520	5.18859526	3.00866178	1.79449379	8.78431317	2.70418026	2.31906545	1.60921363	5.22977976	1.26958849	2.39504891	3.47634095	2.65601463	0.00000000	1.74249488	0.65446771	1.66764500	8.10953838	1.14124186	0.72555466	1.36278472	3.59704085	1.49791851	4.76857943	1.63122967	0.60966017	2.17882576	3.33717537	2.69606692	2.99844354	2.70905130	4.58850431	2.32942838	2.00278326	5.80473664	3.98756333	0.33543552
3.58816687	5.34005316	3.28761107	7.67801364	2.08598474	1.74874811	5.86117999	2.52389743	4.96209348	6.46846691	3.58720587	1.12175563	9.60218049	8.19088351	3.81220809	1.22532960	1.25743885	6.41318350	2.38669164	4.89222107	6.93140493	4.75123889	2.01269480	10.52755091	4.44683895	4.06201229	3.35172560	6.97256279	1.27127180	1.57905840	5.21918774	4.31366833	1.74250360	0.00000000	2.31215926	3.41025269	9.85260453	2.88397198	2.46811198	3.02040580	5.33990687	0.99705326	6.51144453	0.89282066	1.49323025	3.61242255	5.08027957	4.43874765	4.74142878	0.96669210	2.84650064	3.98719103	3.74546007	7.54788472	5.73064886	1.40706768
2.05416275	3.80611500	2.59433773	6.14385648	0.64341051	2.07920331	4.32671309	4.05738062	3.42815169	4.93416646	1.27496178	2.37718163	8.06774978	6.65648214	1.49995802	1.08679421	1.07822856	4.87877214	0.24718033	3.35834834	5.39723380	3.21733081	1.58578615	8.99289556	2.91283859	2.64892159	1.81789121	5.43842179	1.06089792	3.04947492	3.68497462	2.36992346	0.65445608	2.31206880	0.00000000	1.87631003	8.31814328	1.71764784	0.93422629	1.39419689	3.80567200	2.15236445	4.97721070	2.28567521	0.81888043	2.83322728	3.54577528	2.90472236	3.20705906	2.50035369	4.37976008	1.67495135	2.21143923	6.01333079	4.19616568	0.98602637
0.35083558	1.96850303	2.59445211	4.26744176	1.32415024	2.07943420	2.45014720	5.93346639	1.55933220	3.05768180	1.33104772	4.25331791	6.19120156	4.77994823	1.49955268	2.65799754	2.95443083	3.00223335	1.62903307	2.08357202	3.52081227	1.63851134	3.46191678	7.11623771	1.03650041	2.64898895	0.87306243	3.56201496	2.93710038	3.04966039	1.80853258	2.00121176	1.66757389	3.41006281	1.87620360	0.00000000	6.44158015	1.71783484	0.94205592	0.70800414	1.92921936	2.41315436	3.10075857	2.51739200	2.27720280	2.83330969	3.16223637	1.02837201	2.34325128	4.37652654	6.25573662	1.67455107	0.33748574	4.13672243	2.33020743	2.00300914
6.26275554	4.51062657	6.56414234	2.17347193	7.76442047	8.10212690	4.04005206	12.37290295	4.88859959	3.38354596	7.77082746	10.69298129	0.25031165	1.66150069	7.59719669	9.09804092	9.39439051	3.43923748	8.06904272	4.95821791	2.92013204	5.09933014	9.90155481	0.99461788	5.40406963	5.79009562	6.49857226	2.87886333	9.37706096	8.27215898	4.63250378	5.94636055	8.10775944	9.85022674	8.31616927	6.44044359	0.00000000	6.96723389	7.38237464	6.92218601	4.51186464	8.85353157	3.34032314	8.95777662	8.71727494	6.23957191	5.14253842	5.41225267	5.11083895	10.81635411	12.69468275	7.33289215	6.10552390	3.10189219	4.31055576	8.44319371
1.36704423	3.68642134	0.87670413	4.79397292	1.07425815	1.13514255	2.97685917	5.40732863	3.27724839	3.58429661	2.99265183	3.72711975	6.71789239	5.30662194	3.21764865	2.13169818	2.42815376	3.52891290	1.79223247	3.80152852	4.04735158	3.35644721	2.93572537	7.64305968	2.25804127	1.17781862	2.59104131	4.08853668	2.41082307	1.33182738	2.33509641	3.71922973	1.14123666	2.88373134	1.71768194	1.71791568	6.96828881	0.00000000	1.26603454	2.42600057	2.45579588	1.88676609	3.62733448	1.99100175	1.75089578	1.11559994	2.19592493	2.03545025	1.85719583	3.85028465	5.72972948	3.39264098	1.38038430	4.66348520	2.84631332	1.47667218
1.11992160	2.87188211	2.14266253	5.20959611	0.38210234	1.62755807	3.39241386	4.99155639	2.49391835	3.99988811	1.72656291	3.31137040	7.13345509	5.72219113	1.95155840	1.71598717	2.01243430	3.94447987	0.68702827	2.53549111	4.46297168	2.28310171	2.51997346	8.05857269	1.97859791	2.19723430	1.32499542	4.50416345	1.99510370	2.59781800	2.75070723	2.45316904	0.72553999	2.46803249	0.93420608	0.94207658	7.38384475	1.26599132	0.00000000	1.15994804	2.87140189	1.70072910	4.04294072	1.83403944	1.33518767	2.38154386	2.71054626	1.97047855	2.27277202	3.43455186	5.31390776	2.12655303	1.27719597	5.07902064	3.26186441	1.06097541
1.05882798	2.41184492	3.30243124	4.74946664	1.35170437	2.78742735	2.93215387	5.45140190	2.03387963	3.53969825	0.84899243	3.77125950	6.67321036	5.26195875	0.79153852	2.17594932	2.47238036	3.48424329	1.14698394	1.96411403	4.00283633	1.82307718	2.97985769	7.59823330	1.51853450	3.35696241	0.42367788	4.04404078	2.45504994	3.75764808	2.29055417	1.29320545	1.36277106	3.02038919	1.39415329	0.70799601	6.92358715	2.42582271	1.15991376	0.00000000	2.41123967	2.86063161	3.58277894	2.99394053	1.79515535	3.54128496	3.87019936	1.51040464	3.05122219	3.89447253	5.77365898	0.96653752	1.04547716	4.61872399	3.03817167	1.69434160
1.75131591	2.55289945	2.05228676	3.00668516	3.25323972	3.59071099	1.47508670	7.86242279	2.14372989	1.12843950	3.26005890	6.18231052	4.26191370	2.85067063	3.08643912	4.58705081	4.88347073	1.07295225	3.55808095	2.66794556	2.13988429	2.22289724	5.39090534	5.18687128	1.12457744	2.06445676	1.98744524	2.44021989	4.86614043	3.76057170	0.12067917	2.58554845	3.59664985	5.33913531	3.80524446	1.92911714	4.51228160	2.45565238	2.87115314	2.41111437	0.00000000	4.34226091	1.18052130	4.44649973	4.20626066	2.24878828	2.57764192	0.90200970	1.75870390	6.30554535	8.18461474	2.82211546	1.59405345	2.20739148	1.74562037	3.93208494
2.59108602	4.34299214	2.29046231	6.68088677	1.50898807	0.75167114	4.86395999	3.52082162	3.96503137	5.47129695	3.42751685	1.84055027	8.60497136	7.19368321	3.65251727	1.06567675	1.09777452	5.41598020	2.22703417	4.23625290	5.93427386	3.79115026	1.85298634	9.53027424	3.44975923	3.06483456	3.02578885	5.97544078	1.11160759	0.89723068	4.22204405	4.15401770	1.49796952	0.99702400	2.15249575	2.41319032	8.85538622	1.88686797	1.70075112	2.86076626	4.34275663	0.00000000	5.51429460	0.13331313	1.33358135	2.61525410	4.08304832	3.44166043	3.74423799	1.96366995	3.84335755	3.82750334	2.74837419	6.55063854	4.73342396	1.16639955
2.92271491	1.37219721	3.22382396	1.82611694	4.42455270	4.76210211	2.65546536	9.03350300	1.54863561	0.61625132	4.43123494	7.35345406	3.09025364	1.67902852	4.25761151	5.75830045	6.05469701	1.62569880	4.72932118	1.61833885	0.95932462	1.75940762	6.56204181	4.01507374	2.06403362	3.24492148	3.15874037	1.25964179	6.03736696	4.93201976	1.29220609	2.60661103	4.76793919	6.51041862	4.97647241	3.10047854	3.34060285	3.62709852	4.04247966	3.58239110	1.18052066	5.51360377	0.00000000	5.61784466	5.37751833	3.42927187	3.75799770	2.07218600	2.93914204	7.47673475	9.35555802	3.99329420	2.76546269	1.71741252	2.92598908	5.10337401
2.69532510	4.44722715	2.39471534	6.78513530	1.64230443	0.85590942	4.96822765	3.41661472	4.06926660	5.57555434	3.56084702	1.73633698	8.70923679	7.29794682	3.78584782	1.19899950	1.23109963	5.52024443	2.36035786	4.36956869	6.03852325	3.92446387	1.98632051	9.63455354	3.55399808	3.16909354	3.15910700	6.07968831	1.24493267	0.76392796	4.32629603	4.28733999	1.63128826	0.89279659	2.28582069	2.51742560	8.95965353	1.99111180	1.83406610	2.99408627	4.44700996	0.13331334	5.61854787	0.00000000	1.46690329	2.71951117	4.18731829	3.54590082	3.84849965	1.85945202	3.73916446	3.96083324	2.85261430	6.65491158	4.83769263	1.29971831
2.45521151	4.20714283	2.15450152	6.54495379	0.95312535	1.26039205	4.72790866	3.65649711	3.82918068	5.33530922	2.09388453	1.97626530	8.46893387	7.05765692	2.31888267	0.38080531	0.67726934	5.27995009	0.89344192	3.75935542	5.79833554	3.61834911	1.18487348	9.39415091	3.31388616	2.92883696	2.21888613	5.83951397	0.65993857	2.23069318	4.08608968	2.82043414	0.60967059	1.49320166	0.81889584	2.27733929	8.71933705	1.75096403	1.33523748	1.79518227	4.20679396	1.33352817	5.37833233	1.46684001	0.00000000	2.47926828	3.94698271	3.30577784	3.60822380	2.09941359	3.97894755	2.49387270	2.61249329	6.41455397	4.59736641	0.27423498
2.48267352	4.80205727	0.32475884	5.25561648	2.18990159	1.86342997	2.24861967	6.13566720	4.39288395	2.85604034	4.10831781	4.45544790	5.98964925	4.57837585	4.33331523	2.86000888	3.15646830	2.80066781	2.90788789	4.91717104	4.38880116	4.47208617	3.66405469	6.91483917	3.37367093	0.44956496	3.70668769	4.68916792	3.13913757	2.03319444	2.31517809	4.83488286	2.17886361	3.61203650	2.83333938	2.83355116	6.24004875	1.11562153	2.38167576	3.54164998	2.24885095	2.61506144	3.42937333	2.71929676	2.47920516	0.00000000	1.46768920	3.15107741	1.12894655	4.57860526	6.45809058	4.50830652	2.49601191	3.93525447	2.11807546	2.20497638
2.81159503	5.13095925	1.79236681	5.58458331	2.99359020	3.33096724	1.10258282	7.60305402	4.72178701	3.14202158	4.43713142	5.92286537	5.15504270	3.99614144	4.66212707	4.32747769	4.62392580	2.13242435	3.29851919	5.24605364	4.71777212	4.80097924	5.13146873	5.44710524	3.70259133	1.01807153	4.03555894	5.01812996	4.60659519	3.50075927	2.64416150	5.16373427	3.33702885	5.07952160	3.54569751	3.16245447	5.14264946	2.19584226	2.71056220	3.87051232	2.57784079	4.08257536	3.75836286	4.18681169	3.94667786	1.46762736	0.00000000	3.48000519	0.81903735	6.04604491	7.92541112	4.83712143	2.82493837	2.46755057	0.83203713	3.67246427
0.85054186	1.65088972	2.91196326	3.23902358	2.35246563	2.68993694	2.37709626	6.96164859	1.24172016	2.02921345	2.35928474	5.28153635	5.16268760	3.75144455	2.18566497	3.68627669	3.98269660	1.97372617	2.65730682	1.76593581	2.49238920	1.32088750	4.49013117	6.08764511	0.22256773	2.96646637	1.08667114	2.53360243	3.96536630	3.36722254	0.83570498	1.68353867	2.69587575	4.43836121	2.90447033	1.02834308	5.41305550	2.03539809	1.97037905	1.51034026	0.90200964	3.44148683	2.07231355	3.54572565	3.30548654	3.15079790	3.47965146	0.00000000	2.66071349	5.40477120	7.28384047	1.92134131	0.69327941	3.10816534	2.64762992	3.03131084
1.99251201	4.31186799	1.45364654	4.76551940	2.65482417	2.99221715	1.11963221	7.26424048	3.90269620	2.32297557	3.61800289	5.58406475	4.86067703	3.44941597	3.84299780	3.98869873	4.28514207	1.67170373	2.95973830	4.42695421	3.89870997	3.98188422	4.79266667	5.78577236	2.88350784	0.67936330	3.21645471	4.19906404	4.26781151	3.16202081	1.82510458	4.34462169	2.99825799	4.74074951	3.20691412	2.34336377	5.11106366	1.85710340	2.27272402	3.05140435	1.75878659	3.74381543	2.93930854	3.84805217	3.60790053	1.12891528	0.81902054	2.66092481	0.00000000	5.70725365	7.58656964	4.01799345	2.00585744	2.80623036	0.98908115	3.33369336
4.55491352	6.30678930	4.25439369	8.64478466	3.05270901	2.71549271	6.82800035	1.55723375	5.92883020	7.43526076	3.23324525	0.76780348	10.56899508	9.15769343	3.45824843	1.71869119	1.42219501	7.37999502	2.74763032	5.85894680	7.89817818	5.71797025	1.65874449	11.49440128	5.41358500	5.02881025	4.31844522	7.93933125	1.43952612	2.54581782	6.18596769	4.87039983	2.70922171	0.96671654	2.50042674	4.37698955	10.81942398	3.85073090	3.43483977	3.89471604	6.30669027	1.96378530	7.47822776	1.85955324	2.09950755	4.57921561	6.04710588	5.40549767	5.70823366	0.00000000	1.87987261	3.63322971	4.71220939	8.51471893	6.69747181	2.37378572
6.43484395	8.18671461	6.13434164	10.52472697	4.93262853	4.59542214	8.70796668	1.60305764	7.80875580	9.31521418	4.92534502	2.00298324	12.44895860	11.03765468	5.09895240	3.59860268	3.30210353	9.25995704	4.62754061	7.73886703	9.77812157	7.59789323	2.79436441	13.37438221	7.29351514	6.90876568	6.19836247	9.81927230	3.31943468	4.42575447	8.06591433	6.75031189	4.58913824	2.84663230	4.38033547	6.25691521	12.69938987	5.73066731	5.31476100	5.77463097	8.18663860	3.84370861	9.35817601	3.73947681	3.97942005	6.45916864	7.92707510	7.28542974	7.58819245	1.87990384	0.00000000	5.36329761	6.59214111	10.39469201	8.57743940	4.25370221
2.02531349	2.82285014	4.26888411	5.16044022	2.31821019	3.75391472	3.73405189	5.04033093	2.44488433	3.95065112	0.43794408	3.36020349	7.08414440	5.67289704	0.26432518	2.76166545	2.72962078	3.89518012	1.60032943	2.37512871	4.41380788	2.23408676	2.56880000	8.00913487	1.92953074	4.32340136	0.83469810	4.45501670	2.71578714	4.72412201	2.70151966	1.38677665	2.32928247	3.98690201	1.67489575	1.67449040	7.33451678	3.39229709	2.12641638	0.96651438	2.82220202	3.82713038	3.99374144	3.96043881	2.49374260	4.50772836	4.83661258	1.92139727	4.01765486	3.63319749	5.36255569	0.00000000	2.01196025	5.02964022	4.00458794	2.66085307
0.15726832	2.30598883	2.25696650	3.93235081	1.65924138	1.99666792	2.11505644	6.26855776	1.89681799	2.72259094	1.66613899	4.58840922	5.85611078	4.44485743	1.83703866	2.99308875	3.28952205	2.66714256	1.96412428	2.42105786	3.18572132	1.97599716	3.79700810	6.78114707	0.87764502	2.31150340	1.21054829	3.22692399	3.27219161	2.71217469	1.47344166	2.33869766	2.00266505	3.74515398	2.21129482	0.33748579	6.10648938	1.38034914	1.27714705	1.04549002	1.59412845	2.74824547	2.76566766	2.85248310	2.61229400	2.49582412	2.82475093	0.69328097	2.00576576	4.71161780	6.59082813	2.01203705	0.00000000	3.80163173	1.99272198	2.33810030
3.95846845	3.08971896	4.25953744	3.54359985	5.46033117	5.79785793	1.68650698	10.06934892	2.68055097	1.10120616	5.46705309	8.38928163	3.11438003	1.95544437	5.29343071	6.79409727	7.09050060	1.13437727	5.76512072	3.20473663	2.67680504	2.79517818	7.59787142	2.97943573	3.09978783	3.48535515	4.19452401	2.97712756	7.07317047	5.96775908	2.32792255	3.64240654	5.80372451	7.54620569	6.01227552	4.13624297	3.10202261	4.66283839	5.07825420	4.61818007	2.20725282	6.54937358	1.71746931	6.65361386	6.41331283	3.93487483	2.46749236	3.10793578	2.80603736	8.51254902	10.39144360	5.02911157	3.80121326	0.00000000	1.81707509	6.13915941
2.14177045	4.29871197	2.44266168	4.75242047	3.64374381	3.98117007	0.27053941	8.25306097	3.88954113	2.30991399	3.65064188	6.57291222	4.32298533	3.16407277	3.82976244	4.97759139	5.27402477	1.30035954	3.94862695	4.41378114	3.88561467	3.96872037	5.78151112	4.79664634	2.87036804	1.66840355	3.20327165	4.18596090	5.25669432	4.15099798	1.81202024	4.33142116	3.98716756	5.72965650	4.19579754	2.33020893	4.31060387	2.84607976	3.26164943	3.03821345	1.74570792	4.73274779	2.92622959	4.83698542	4.59679661	2.11794750	0.83202899	2.64779151	0.98905157	6.69612064	8.57533179	4.00476081	1.99272297	1.81713078	0.00000000	4.32260281
2.18097153	3.93290469	1.88025526	6.27070955	0.67888929	1.09322520	4.45365580	3.93072258	3.55494243	5.06106100	2.26104159	2.25049365	8.19468201	6.78340588	2.48603957	0.65503849	0.95150146	5.00569877	1.06060191	3.48511910	5.52409092	3.34411180	1.45910152	9.11989281	3.03964629	2.65458802	1.94465087	5.56527018	0.93417070	2.06352373	3.81184388	2.98759476	0.33543560	1.40706099	0.98605527	2.00310102	8.44508435	1.47672191	1.06100080	1.69435845	3.93254756	1.16636352	5.10408596	1.29967526	0.27423355	2.20502019	3.67272881	3.03153727	3.33397364	2.37364403	4.25316679	2.66102989	2.33825285	6.14029869	4.32311310	0.00000000

DEMAND_SECTION
0 0
1 1
2 1
3 1
4 1
5 1
6 1
7 1
8 1
9 1
10 1
11 1
12 1
13 1
14 1
15 1
16 1
17 1
18 1
19 1
20 1
21 1
22 1
23 1
24 1
25 1
26 1
27 1
28 1
29 1
30 1
31 1
32 1
33 1
34 1
35 1
36 1
37 1
38 1
39 1
40 1
41 1
42 1
43 1
44 1
45 1
46 1
47 1
48 1
49 1
50 1
51 1
52 1
53 1
54 1
55 1

LOGISTIC_LOAD_SECTION
0	0
1	0
2	0
3	0
4	0
5	0
6	0
7	0
8	0
9	0
10	0
11	0
12	0
13	0
14	0
15	0
16	0
17	0
18	0
19	0
20	0
21	0
22	0
23	0
24	0
25	0
26	0
27	0
28	0
29	0
30	0
31	0
32	0
33	0
34	0
35	0
36	0
37	0
38	0
39	0
40	0
41	0
42	0
43	0
44	0
45	0
46	0
47	0
48	0
49	0
50	0
51	0
52	0
53	0
54	0
55	0

AVAILABILITY_LANDING_SPOT_SECTION
0	1
1	1
2	1
3	1
4	1
5	1
6	1
7	1
8	1
9	1
10	1
11	1
12	1
13	1
14	1
15	1
16	1
17	1
18	1
19	1
20	1
21	1
22	1
23	1
24	1
25	1
26	1
27	1
28	1
29	1
30	1
31	1
32	1
33	1
34	1
35	1
36	1
37	1
38	1
39	1
40	1
41	1
42	1
43	1
44	1
45	1
46	1
47	1
48	1
49	1
50	1
51	1
52	1
53	1
54	1
55	1

CUSTOMER_DRONE_PREFERENCE_SECTION
0	1
1	1
2	1
3	1
4	1
5	1
6	1
7	1
8	1
9	1
10	1
11	1
12	1
13	1
14	1
15	1
16	1
17	1
18	1
19	1
20	1
21	1
22	1
23	1
24	1
25	1
26	1
27	1
28	1
29	1
30	1
31	1
32	1
33	1
34	1
35	1
36	1
37	1
38	1
39	1
40	1
41	1
42	1
43	1
44	1
45	1
46	1
47	1
48	1
49	1
50	1
51	1
52	1
53	1
54	1
55	1

PRICE_SECTION
0	3
1	3
2	3
3	3
4	3
5	3
6	3
7	3
8	3
9	3
10	3
11	3
12	3
13	3
14	3
15	3
16	3
17	3
18	3
19	3
20	3
21	3
22	3
23	3
24	3
25	3
26	3
27	3
28	3
29	3
30	3
31	3
32	3
33	3
34	3
35	3
36	3
37	3
38	3
39	3
40	3
41	3
42	3
43	3
44	3
45	3
46	3
47	3
48	3
49	3
50	3
51	3
52	3
53	3
54	3
55	3

PRIORITY_DELIVERY_TIME_SECTION
0	0
1	0
2	0
3	0
4	0
5	0
6	0
7	0
8	0
9	0
10	0
11	0
12	0
13	0
14	0
15	0
16	0
17	0
18	0
19	0
20	0
21	0
22	0
23	0
24	0
25	0
26	0
27	0
28	0
29	0
30	0
31	0
32	0
33	0
34	0
35	0
36	0
37	0
38	0
39	0
40	0
41	0
42	0
43	0
44	0
45	0
46	0
47	0
48	0
49	0
50	0
51	0
52	0
53	0
54	0
55	0

EOF
