NAME: multi_modal_data
TYPE: MM

VEHICLES: 2
DIMENSION: 57

NUM_T: 2
NUM_D: 1

MAXIMUM_SYSTEM_DURATION: 300
UNIT: MIN

SERVICETIME: 5
UNIT: MIN

TAKEOFF_LANDING_TIME: 2
UNIT: MIN

MAX_WAITING_TIME: 99999999
UNIT: MIN

INIT_SOC: 100
MAX_SOC: 100
MIN_SOC_T: 3
MIN_SOC_D: 3
UNIT: %

DEMAND_T: 29
DEMAND_D: 0
UNIT: EA

MASS_T: 1940
MASS_D: 15
UNIT: KG

LIFT_TO_DRAG: 3
POWER_MOTOR_PROP: 0.5
UNIT: RATIO

POWER_ELEC: 0.1
UNIT: KW

CARGO_LIMIT_TRUCK: 99999999999999
UNIT: KG

CARGO_LIMIT_DRONE: 6
UNIT: KG

BATTERY_KWH_T: 100
BATTERY_KWH_D: 0.3
UNIT: KWH 

ENERGY_KWH/KM_T: 1.0
ENERGY_KWH/KM_D: 0.1
UNIT: KWH/KM

CHARGING_KW_D: 0.5
CHARGING_KW_T: 80
UNIT: KW 

LOSISTIC_KWH/KG_T: 0.001
LOSISTIC_KWH/KG_D: 0.001
UNIT: KWH/KG

SPEED_T: 0.3
SPEED_D: 1.0
UNIT: KM/MIN

ALTITUDE: 100
UNIT: M

CURVY_AIR: 1.0
UNIT: RATIO

CURVY_ROAD: 1.0
UNIT: RATIO

DEPOT_SECTION
0

EDGE_KM_D_TYPE: EUC_2D(haversine)
EDGE_KM_T_TYPE: MAN_2D(haversine)
EDGE_KM_D_FORMAT : FULL_MATRIX
EDGE_KM_T_FORMAT : FULL_MATRIX

NODE_COORD_SECTION
0	37.65626684	127.07513123
1	37.63619418	127.08569983
2	37.64161715	127.10478699
3	37.63514433	127.10555991
4	37.67459525	127.05335817
5	37.62836241	127.06194924
6	37.64681904	127.07681542
7	37.68881734	127.06562464
8	37.65726015	127.07757409
9	37.62600433	127.05619777
10	37.62223379	127.09999820
11	37.64165611	127.08089285
12	37.64419433	127.06842172
13	37.62401332	127.07639434
14	37.63999396	127.11085278
15	37.62907933	127.07220630
16	37.66703935	127.05198186
17	37.67905429	127.06772245
18	37.64184527	127.07083631
19	37.62396434	127.05989164
20	37.68443793	127.07974767
21	37.66897381	127.08998651
22	37.68401870	127.09077458
23	37.67304096	127.06538322
24	37.69137319	127.08057099
25	37.66348888	127.09145807
26	37.68546820	127.06453773
27	37.67627606	127.09317921
28	37.62751250	127.05389373
29	37.65721072	127.06878084
30	37.62102731	127.05848421
31	37.67514536	127.08967017
32	37.68692433	127.08869125
33	37.68370076	127.05935477
34	37.66198183	127.07924983
35	37.63184641	127.04649495
36	37.67201357	127.05899890
37	37.66178734	127.09250178
38	37.63659163	127.11206605
39	37.62544893	127.08975254
40	37.65199733	127.08544651
41	37.62677592	127.06627120
42	37.63906877	127.10806507
43	37.69170907	127.07171529
44	37.67099944	127.08495156
45	37.68078466	127.08418903
46	37.67465073	127.07642877
47	37.65267902	127.05678942
48	37.67463316	127.07334387
49	37.66293399	127.05875372
50	37.68107089	127.08374645
51	37.63815618	127.06108282
52	37.66771564	127.05444414
53	37.66622947	127.07816798
54	37.64354277	127.05737942
55	37.63057022	127.04280437
56	37.68126934	127.06342768

EDGE_KM_D
0.00000000	2.41817591	3.07740662	3.56285793	2.79758716	3.31280982	1.06096146	3.71490501	0.24175410	3.75535710	4.37210442	1.70198972	1.46662048	3.58815775	3.62837406	3.03406791	2.36373051	2.61641976	1.64758535	3.83434442	3.15872868	1.92518167	3.37910223	2.05309503	3.93290168	1.64635483	3.37826245	2.73384475	3.70400833	0.56880102	4.18365628	2.45852408	3.61184061	3.35168615	0.73162719	3.70548914	2.25439321	1.64772170	3.91932733	3.66065378	1.02471250	3.37076263	3.47340604	3.95245142	1.85226643	2.84043939	2.04738563	1.66326053	2.04829493	1.62112585	2.86042807	2.36331981	2.22185668	1.13959008	2.10816293	4.03308267	2.96485930
2.41817591	0.00000000	1.78557692	1.75270029	5.13216979	2.26554851	1.41694213	6.11244523	2.44924681	2.83433781	1.99880787	0.74028216	1.76234888	1.58305767	2.25474859	1.42752052	4.53601446	5.02171816	1.45180324	2.64852977	5.38999489	3.66441752	5.33658122	4.47054879	6.15222071	3.07708425	5.78704493	4.50528078	2.96257171	2.77131658	2.93062795	4.34525944	5.64708628	5.76914111	2.92314764	3.48600565	4.62484188	2.90815869	2.32211351	1.24698124	1.75737358	2.00598744	1.99512261	6.29451943	3.87073410	4.96002544	4.35336925	3.13676891	4.41046117	3.80377407	4.99303091	2.17859380	4.45610704	3.40496590	2.62412092	3.82875420	5.38195565
3.07740662	1.78557692	0.00000000	0.72295711	5.82607012	4.04988550	2.52980791	6.27922553	2.96067341	4.61749168	2.19620147	2.10386934	3.21468342	3.17535995	0.56376817	3.18975385	5.44068152	5.28906885	2.98944029	4.41395429	5.24684581	3.30922136	4.87351046	4.92355860	5.92901355	2.70031539	6.02723492	3.98706184	4.74805677	3.61321582	4.67629671	3.95854730	5.23336271	6.15555077	3.19096419	5.24663995	5.26034278	2.48998696	0.85033812	2.23269822	2.05712342	3.77181152	0.40448620	6.28476828	3.70451356	4.71758568	4.44117593	4.40121743	4.59774847	4.69491065	4.76199911	3.86741109	5.29748016	3.60297423	4.17964306	5.59445932	5.71795710
3.56285793	1.75270029	0.72295711	0.00000000	6.35313260	3.91374361	2.84446657	6.92650926	3.48119710	4.46418196	1.51684113	2.28952791	3.42141849	2.85109695	0.71274642	3.01357172	5.90147746	5.91051715	3.14700290	4.20947186	5.93350682	4.00373765	5.58826764	5.50155011	6.62800760	3.38748928	6.65976275	4.70171678	4.62827210	4.06279572	4.43297626	4.66269168	5.94607396	6.75982075	3.77769939	5.21411493	5.79734805	3.17781981	0.59508006	1.76069239	2.57836113	3.58279223	0.48896470	6.95958099	4.38030332	5.41245245	5.08669756	4.71600883	5.22723730	5.15072085	5.45589501	3.93073629	5.77652902	4.21462483	4.34396280	5.54959629	6.32939245
2.79758716	5.13216979	5.82607012	6.35313260	0.00000000	5.19620328	3.71523702	1.91472459	2.87382067	5.40885166	7.12466785	4.39207340	3.63120531	5.97894699	6.35766764	5.32621881	0.84886562	1.35792467	3.95332640	5.65921618	2.56736326	3.28383365	3.45552285	1.07235861	3.03567554	3.57360920	1.55874225	3.50960270	5.23558201	2.36212071	5.97356416	3.19640377	3.39822483	1.14176722	2.67593954	4.79170687	0.57347395	3.72808753	6.67592894	6.33489238	3.78048268	5.43744592	6.22884712	2.49618045	2.80921105	2.79924445	2.03045969	2.45562122	1.75895228	1.38090428	2.76960547	4.10851149	0.77092656	2.37352640	3.47098014	4.98275727	1.15588392
3.31280982	2.26554851	4.04988550	3.91374361	5.19620328	0.00000000	2.43422169	6.73007165	3.49540499	0.57035759	3.41951680	2.22883088	1.85039137	1.36096438	4.49639110	0.90679526	4.38930433	5.65955464	1.69118298	0.52153665	6.42916767	5.14640460	6.68874143	4.97722464	7.19569010	4.69105739	6.35397030	5.99534516	0.71568123	3.26369916	0.87084647	5.74604953	6.92425738	6.15758976	4.03673492	1.41501653	4.86073930	4.58801778	4.50716226	2.46988717	3.34476232	0.41951184	4.23180909	7.09610338	5.15542953	6.14911131	5.30253933	2.74179136	5.24196222	3.85447095	6.16705506	1.09168856	4.42549207	4.44616943	1.73528315	1.70375039	5.88442919
1.06096146	1.41694213	2.52980791	2.84446657	3.71523702	2.43422169	0.00000000	4.77275097	1.16291954	2.94158443	3.41186865	0.67709954	0.79456424	2.53615512	3.09149549	2.01388723	3.13599490	3.67267963	0.76355094	2.94605060	4.19099127	2.72271317	4.31505189	3.08453073	4.96521760	2.25775929	4.43139078	3.57821176	2.94660875	1.35481441	3.29099295	3.34683919	4.58038262	4.37959368	1.69959369	3.14635797	3.21063812	2.16268914	3.30557732	2.63520767	0.95339788	2.41436276	2.88326852	5.01169473	2.78249802	3.83217403	3.09493432	1.87964172	3.10785420	2.39565003	3.85719145	1.68722981	3.04589983	2.16162607	1.74959523	3.49759002	4.00786477
3.71490501	6.11244523	6.27922553	6.92650926	1.91472459	6.73007165	4.77275097	0.00000000	3.66321928	7.03362383	7.99827464	5.41356499	4.96796316	7.26798970	6.73217885	6.66779195	2.70291158	1.10118679	5.24316880	7.22897289	1.33477209	3.07656721	2.27651655	1.75438435	1.34551468	3.61955540	0.38449275	2.79722918	6.89457143	3.52546052	7.56408230	2.60553648	2.04062108	0.79252285	3.21590748	6.55487786	1.95736267	3.82478320	7.10180366	7.35942213	4.45041920	6.89893486	6.67506195	0.62498736	2.61118320	1.86186746	1.83995215	4.09295372	1.71727982	2.94094035	1.81244811	5.64743931	2.54436136	2.74354320	5.08635177	6.78116554	0.86127868
0.24175410	2.44924681	2.96067341	3.48119710	2.87382067	3.49540499	1.16291954	3.66321928	0.00000000	3.95242019	4.36665890	1.75952114	1.66133634	3.69834312	3.50290542	3.16900968	2.50147028	2.57386346	1.81380082	4.01638388	3.02808556	1.70007709	3.19421291	2.05684131	3.80236152	1.40477568	3.33986991	2.52144185	3.91008888	0.77409675	4.36550093	2.25581559	3.44057549	3.34894744	0.54535679	3.93363062	2.31615679	1.40718206	3.80840237	3.69621272	0.90706384	3.53277164	3.36126460	3.86509986	1.66002873	2.67982295	1.93637320	1.89933348	1.96735065	1.77277374	2.70279975	2.57305277	2.34455913	0.99871352	2.34255167	4.26376363	2.94578322
3.75535710	2.83433781	4.61749168	4.46418196	5.40885166	0.57035759	2.94158443	7.03362383	3.95242019	0.00000000	3.88022815	2.78530950	2.29122630	1.79241930	5.05804602	1.45068048	4.57796586	5.98551248	2.18272801	0.39659264	6.82026010	5.62840342	7.13300190	5.29239132	7.57874279	5.19721763	6.65272683	6.46899103	0.26324164	3.64258144	0.58891717	6.20821798	7.35318809	6.42157685	4.48594142	1.07336754	5.12194212	5.10381144	5.05874286	2.95575511	3.87125480	0.89128080	4.79289901	7.43264483	5.60722312	6.57087316	5.69493370	2.96655235	5.61403835	4.11255824	6.58593907	1.41805137	4.64066182	4.87318950	1.95296264	1.28412072	6.17807110
4.37210442	1.99880787	2.19620147	1.51684113	7.12466785	3.41951680	3.41186865	7.99827464	4.36665890	3.88022815	0.00000000	2.73765288	3.70062885	2.08821904	2.19401476	2.56321807	6.53412735	6.92772309	3.36900114	3.53747629	7.14284939	5.27148039	6.91799811	6.41908670	7.87588296	4.64858166	7.69320049	6.03914842	4.10259262	4.76255550	3.65872610	5.95335604	7.26181422	7.71475878	4.78246380	4.83156887	6.60825862	4.44741233	1.91788858	0.97058200	3.54894644	3.01295981	2.00222581	8.11661191	5.58197897	6.65767336	6.18687672	5.09279483	6.28137119	5.80253700	6.69701576	3.85732884	6.45473425	5.25614112	4.43839100	5.12150131	7.31148461
1.70198972	0.74028216	2.10386934	2.28952791	4.39207340	2.22883088	0.67709954	5.41356499	1.75952114	2.78530950	2.73765288	0.00000000	1.13374786	2.00138800	2.64444936	1.59399638	3.80056459	4.31707827	0.88572003	2.70003126	4.75819589	3.14131203	4.79014856	3.74741161	5.52836659	2.59977698	5.07995024	3.99861660	2.85057957	2.03189313	3.02583725	3.80315500	5.08019261	5.04494340	2.26474341	3.21933791	3.88707725	2.46076793	2.80204709	1.96378464	1.21777987	2.09654827	2.40977420	5.62395972	3.28233788	4.36056585	3.68982457	2.45066868	3.72661446	3.06541254	4.38992136	1.78718852	3.71725468	2.74294558	2.08091803	3.57327502	4.66538096
1.46662048	1.76234888	3.21468342	3.42141849	3.63120531	1.85039137	0.79456424	4.96796316	1.66133634	2.29122630	3.70062885	1.13374786	0.00000000	2.35128674	3.76508751	1.71343399	2.92359667	3.87674500	0.33678715	2.37157267	4.58459772	3.34601973	4.84570982	3.21873615	5.35393725	2.95225184	4.60216775	4.18035368	2.25329766	1.44770454	2.72063900	3.91704502	5.07529851	4.46483150	2.19561516	2.36916317	3.20264711	2.88460725	3.93480755	2.80586136	1.73190720	1.94607651	3.53679582	5.29135232	3.31682909	4.29887584	3.45917368	1.39245781	3.41226965	2.25087997	4.31667742	0.93185559	2.89044673	2.59608000	0.97493470	2.71722310	4.14592982
3.58815775	1.58305767	3.17535995	2.85109695	5.97894699	1.36096438	2.53615512	7.26798970	3.69834312	1.79241930	2.08821904	2.00138800	2.35128674	0.00000000	3.51645137	0.67331977	5.24492658	6.16771883	2.04233912	1.45340790	6.72540248	5.14061787	6.79133918	5.53715595	7.49910501	4.58549000	6.91273809	5.99629802	2.01942720	3.75176622	1.61194860	5.80452479	7.07866092	6.80436207	4.22939129	2.77342828	5.55277685	4.43325657	3.43864753	1.18722961	3.21215040	0.94297027	3.25283261	7.53869551	5.27866664	6.34988213	5.63063204	3.62492760	5.63508118	4.59806430	6.37745139	2.07152195	5.22967403	4.69682507	2.74216552	3.04667309	6.46811770
3.62837406	2.25474859	0.56376817	0.71274642	6.35766764	4.49639110	3.09149549	6.73217885	3.50290542	5.05804602	2.19401476	2.64444936	3.76508751	3.51645137	0.00000000	3.61306085	5.99203802	5.76881359	3.52946792	4.82869289	5.64974996	3.70922289	5.20460987	5.43371658	6.30430202	3.12100628	6.49530981	4.32398332	5.20421629	4.16954087	5.07107038	4.33068237	5.57111753	6.64595566	3.70388635	5.73906232	5.78914417	2.91249109	0.39311721	2.46338348	2.60481763	4.19193196	0.26615016	6.70337589	4.13345778	5.10703869	4.90243516	4.96453738	5.07330906	5.24827011	5.15324684	4.38712710	5.84485658	4.09756241	4.72479612	6.08306641	6.20423859
3.03406791	1.42752052	3.18975385	3.01357172	5.32621881	0.90679526	2.01388723	6.66779195	3.16900968	1.45068048	2.56321807	1.59399638	1.71343399	0.67331977	3.61306085	0.00000000	4.58116731	5.57097228	1.42462751	1.22461007	6.19130083	4.70416113	6.32389461	4.92508621	6.96579681	4.18480908	6.30640140	5.56337005	1.62208376	3.14257951	1.50402605	5.34807679	6.59375093	6.17810518	3.71078270	2.28501904	4.91363719	4.05223538	3.60807067	1.59709386	2.80237332	0.58206003	3.34733720	6.96425321	4.79446431	5.84535154	5.08093265	2.95448282	5.06635226	3.94640368	5.86978980	1.40646767	4.57193015	4.16412541	2.07149273	2.59453508	5.85450307
2.36373051	4.53601446	5.44068152	5.90147746	0.84886562	4.38930433	3.13599490	2.70291158	2.50147028	4.57796586	6.53412735	3.80056459	2.92359667	5.24492658	5.99203802	4.58116731	0.00000000	1.92461204	3.25625910	4.84009358	3.11676010	3.35200605	3.90138491	1.35522906	3.69479793	3.49710583	2.32814965	3.76859276	4.39841377	1.83876798	5.14824536	3.43739532	3.91489980	1.96301436	2.46519072	3.94298564	0.82908111	3.61415504	6.28036183	5.69615640	3.38755353	4.65049958	5.83528453	3.24665514	2.93511016	3.22039287	2.31215688	1.65192668	2.06107937	0.75079229	3.20154579	3.31009807	0.22940238	2.30665416	2.65556126	4.13490088	1.87575366
2.61641976	5.02171816	5.28906885	5.91051715	1.35792467	5.65955464	3.67267963	1.10118679	2.57386346	5.98551248	6.92772309	4.31707827	3.87674500	6.16771883	5.76881359	5.57097228	1.92461204	0.00000000	4.14652921	6.16440328	1.21582815	2.25742885	2.10239924	0.69962872	1.77614920	2.71291006	0.76628542	2.26156332	5.85906893	2.43068285	6.50337425	1.97986068	2.04225540	0.89955044	2.15248756	5.57199270	1.09652482	2.90568104	6.12631845	6.26824307	3.38903599	5.81450128	5.69038058	1.45035226	1.76109705	1.46184203	0.90931771	3.08664880	0.69744801	1.95861448	1.42788982	4.58507424	1.71911585	1.69670920	4.05230952	5.82039092	0.45112670
1.64758535	1.45180324	2.98944029	3.14700290	3.95332640	1.69118298	0.76355094	5.24316880	1.81380082	2.18272801	3.36900114	0.88572003	0.33678715	2.04233912	3.52946792	1.42462751	3.25625910	4.14652921	0.00000000	2.20954891	4.80061374	3.45567941	5.00713433	3.50186462	5.57351761	3.01461958	4.88223706	4.30418924	2.18307686	1.71811924	2.55768354	4.05703233	5.25317909	4.76259367	2.35842001	2.41458740	3.51269260	2.92492506	3.67707226	2.46955965	1.71142036	1.72318381	3.29252771	5.54514823	3.47178592	4.48656803	3.68087554	1.72646977	3.65252798	2.57494146	4.50731066	0.95174664	3.21832185	2.78716643	1.19979508	2.76852264	4.43200483
3.83434442	2.64852977	4.41395429	4.20947186	5.65921618	0.52153665	2.94605060	7.22897289	4.01638388	0.39659264	3.53747629	2.70003126	2.37157267	1.45340790	4.82869289	1.22461007	4.84009358	6.16440328	2.20954891	0.00000000	6.94785285	5.66295351	7.20999668	5.47845449	7.71342337	5.20000983	6.85114702	6.51335098	0.65930481	3.77878335	0.34931639	6.26591424	7.44577809	6.64256462	4.55803553	1.46971441	5.34341638	5.09237481	4.80438016	2.63500871	3.84446435	0.64296426	4.56259388	7.60444809	5.67640453	6.67041783	5.82109176	3.20459493	5.75725685	4.33439119	6.68823401	1.58154579	4.88851463	4.96752321	2.18823653	1.67452060	6.37963330
3.15872868	5.38999489	5.24684581	5.93350682	2.56736326	6.42916767	4.19099127	1.33477209	3.02808556	6.82026010	7.14284939	4.75819589	4.58459772	6.72540248	5.64974996	6.19130083	3.11676010	1.21582815	4.80061374	6.94785285	0.00000000	1.94133381	0.97147439	1.78999752	0.77456161	2.54724944	1.34333870	1.49024894	6.72657631	3.17767892	7.29521153	1.35284893	0.83415958	1.79642759	2.49739295	6.53963582	2.28975034	2.75745574	6.03313468	6.61815608	3.64194385	6.52056655	5.62704316	1.07390279	1.56290073	0.56371775	1.12680192	4.06870629	1.22728653	3.02184369	0.51381392	5.40220900	2.90115681	2.02945963	4.95529506	6.81574726	1.47875463
1.92518167	3.66441752	3.30922136	4.00373765	3.28383365	5.14640460	2.72271317	3.07656721	1.70007709	5.62840342	5.27148039	3.14131203	3.34601973	5.14061787	3.70922289	4.70416113	3.35200605	2.25742885	3.45567941	5.66295351	1.94133381	0.00000000	1.67435530	2.21216840	2.62491316	0.62349922	2.89483216	0.85922278	5.59931710	2.27927068	6.00974383	0.68681088	1.99926282	3.15423547	1.22376182	5.63066858	2.74824464	0.82920282	4.09190350	4.83979564	1.92954121	5.13577834	3.68653999	2.99607650	0.49711122	1.40894324	1.34994530	3.43837131	1.59423499	2.82997266	1.45292669	4.26818887	3.13148482	1.08408532	4.02940173	5.95737195	2.70792143
3.37910223	5.33658122	4.87351046	5.58826764	3.45552285	6.68874143	4.31505189	2.27651655	3.19421291	7.13300190	6.91799811	4.79014856	4.84570982	6.79133918	5.20460987	6.32389461	3.90138491	2.10239924	5.00713433	7.20999668	0.97147439	1.67435530	0.00000000	2.54625138	1.21446475	2.28360735	2.31441627	0.88656915	7.07247644	3.55430661	7.55921937	0.99144734	0.37148031	2.76514766	2.65202974	6.98920798	3.09873640	2.47668756	5.59680249	6.51329149	3.59137010	6.72069985	5.22480894	1.88254077	1.53570579	0.68204106	1.63675955	4.59258187	1.85533334	3.66593155	0.69997176	5.73044466	3.67555057	2.26798969	5.37563498	7.29069499	2.42588811
2.05309503	4.47054879	4.92355860	5.50155011	1.07235861	4.97722464	3.08453073	1.75438435	2.05684131	5.29239132	6.41908670	3.74741161	3.21873615	5.53715595	5.43371658	4.92508621	1.35522906	0.69962872	3.50186462	5.47845449	1.78999752	2.21216840	2.54625138	0.00000000	2.43754836	2.52891438	1.38385047	2.47263881	5.16260574	1.78546853	5.81547026	2.15028617	2.56721955	1.29863409	1.73259448	4.87311821	0.57339759	2.69506388	5.77200493	5.71037236	2.93161031	5.14503834	5.32801276	2.14929237	1.73717085	1.86564396	0.98847441	2.38717361	0.72264934	1.26630181	1.84635540	3.89744521	1.13032635	1.35642319	3.35487266	5.12382954	0.93100059
3.93290168	6.15222071	5.92901355	6.62800760	3.03567554	7.19569010	4.96521760	1.34551468	3.80236152	7.57874279	7.87588296	5.52836659	5.35393725	7.49910501	6.30430202	6.96579681	3.69479793	1.77614920	5.57351761	7.71342337	0.77456161	2.62491316	1.21446475	2.43754836	0.00000000	3.24526342	1.55613966	2.01224872	7.47923006	3.93787274	8.06014771	1.97413817	0.86906031	2.05261639	3.27024224	7.26702768	2.87018432	3.45330243	6.69262353	7.37487636	4.39937984	7.29236484	6.29940588	0.78010991	2.29802579	1.21967811	1.89484714	4.78470747	1.96705983	3.69957290	1.17915224	6.16108694	3.49381690	2.80384465	5.69678838	7.53412501	1.88094959
1.64635483	3.07708425	2.70031539	3.38748928	3.57360920	4.69105739	2.25775929	3.61955540	1.40477568	5.19721763	4.64858166	2.59977698	2.95225184	4.58549000	3.12100628	4.18480908	3.49710583	2.71291006	3.01461958	5.20000983	2.54724944	0.62349922	2.28360735	2.52891438	3.24526342	0.00000000	3.40390131	1.42991889	5.19053961	2.11475981	5.54273457	1.30566090	2.61725960	3.61030535	1.08761014	5.29628995	3.01014931	0.21032911	3.49812469	4.23251978	1.38305297	4.64573516	3.08398406	3.58686527	1.01263790	2.02682700	1.81392315	3.28005591	2.01929625	2.87942252	2.06949690	3.88407773	3.29172784	1.20885923	3.73093385	5.63452295	3.16151701
3.37826245	5.78704493	6.02723492	6.65976275	1.55874225	6.35397030	4.43139078	0.38449275	3.33986991	6.65272683	7.69320049	5.07995024	4.60216775	6.91273809	6.49530981	6.30640140	2.32814965	0.76628542	4.88223706	6.85114702	1.34333870	2.89483216	2.31441627	1.38385047	1.55613966	3.40390131	0.00000000	2.71989257	6.51215306	3.16420825	7.18530125	2.49186031	2.13158459	0.49663334	2.91494133	6.17039992	1.57349497	3.60430469	6.85865609	7.03331119	4.15193944	6.52807687	6.42647760	0.93833078	2.41163192	1.80603413	1.59434038	3.70922949	1.43252792	2.55688091	1.75966612	5.26964680	2.16466453	2.45263130	4.70428982	6.39717149	0.47700275
2.73384475	4.50528078	3.98706184	4.70171678	3.50960270	5.99534516	3.57821176	2.79722918	2.52144185	6.46899103	6.03914842	3.99861660	4.18035368	5.99629802	4.32398332	5.56337005	3.76859276	2.26156332	4.30418924	6.51335098	1.49024894	0.85922278	0.88656915	2.47263881	2.01224872	1.42991889	2.71989257	0.00000000	6.43139196	3.01764632	6.86088418	0.33343983	1.24816882	3.08905216	2.00735438	6.42634211	3.04534796	1.61217777	4.71555164	5.65977269	2.78415883	5.99230235	4.33983361	2.55196077	0.93199736	0.93664978	1.48523101	4.14061072	1.75522711	3.37370763	0.98660245	5.09413870	3.53959752	1.73019097	4.81447479	6.74511649	2.67651661
3.70400833	2.96257171	4.74805677	4.62827210	5.23558201	0.71568123	2.94660875	6.89457143	3.91008888	0.26324164	4.10259262	2.85057957	2.25329766	2.01942720	5.20421629	1.62208376	4.39841377	5.85906893	2.18307686	0.65930481	6.72657631	5.59931710	7.07247644	5.16260574	7.47923006	5.19053961	6.51215306	6.43139196	0.00000000	3.55293223	0.82671740	6.16229095	7.28194974	6.26632709	4.43559941	0.81041349	4.96867052	5.10688580	5.22122905	3.16631561	3.88989874	1.09311405	4.94033216	7.30869736	5.55508871	6.49631633	5.60444181	2.80998482	5.51229699	3.96187012	6.50952107	1.34220341	4.47065389	4.80642756	1.80872097	1.03407170	6.03613305
0.56880102	2.77131658	3.61321582	4.06279572	2.36212071	3.26369916	1.35481441	3.52546052	0.77409675	3.64258144	4.76255550	2.03189313	1.44770454	3.75176622	4.16954087	3.14257951	1.83876798	2.43068285	1.71811924	3.77878335	3.17767892	2.27927068	3.55430661	1.78546853	3.93787274	2.11475981	3.16420825	3.01764632	3.55293223	0.00000000	4.12430541	2.71252043	3.73996017	3.06016899	1.06336111	3.43580326	1.85760521	2.14922961	4.44748553	3.98535450	1.57752166	3.39140689	4.00396540	3.84472991	2.09209403	2.95135083	2.05276098	1.16974853	1.97848543	1.08816217	2.96212654	2.22453081	1.71960721	1.29941264	1.82136617	3.74248585	2.71637429
4.18365628	2.93062795	4.67629671	4.43297626	5.97356416	0.87084647	3.29099295	7.56408230	4.36550093	0.58891717	3.65872610	3.02583725	2.72063900	1.61194860	5.07107038	1.50402605	5.14824536	6.50337425	2.55768354	0.34931639	7.29521153	6.00974383	7.55921937	5.81547026	8.06014771	5.54273457	7.18530125	6.86088418	0.82671740	4.12430541	0.00000000	6.61444854	7.79505458	6.96940155	4.90728448	1.60066513	5.66960303	5.43261613	5.02603389	2.79738501	4.18280850	0.93751042	4.80506207	7.94530277	6.02550404	7.01951376	6.16841414	3.52267768	6.10259091	4.65987714	7.03723649	1.91834544	5.20368513	5.31666215	2.50549855	1.74150969	6.71274056
2.45852408	4.34525944	3.95854730	4.66269168	3.19640377	5.74604953	3.34683919	2.60553648	2.25581559	6.20821798	5.95335604	3.80315500	3.91704502	5.80452479	4.33068237	5.34807679	3.43739532	1.97986068	4.05703233	6.26591424	1.35284893	0.68681088	0.99144734	2.15028617	1.97413817	1.30566090	2.49186031	0.33343983	6.16229095	2.71252043	6.61444854	0.00000000	1.31259423	2.83243120	1.72733330	6.13415371	2.72179464	1.50611066	4.71861361	5.52600289	2.60065879	5.75945137	4.32604361	2.42666878	0.62048090	0.79113417	1.16667160	3.82328188	1.43800521	3.04113604	0.84018682	4.82183663	3.20856889	1.41695531	4.51977729	6.44904194	2.40779510
3.61184061	5.64708628	5.23336271	5.94607396	3.39822483	6.92425738	4.58038262	2.04062108	3.44057549	7.35318809	7.26181422	5.08019261	5.07529851	7.07866092	5.57111753	6.59375093	3.91489980	2.04225540	5.25317909	7.44577809	0.83415958	1.99926282	0.37148031	2.56721955	0.86906031	2.61725960	2.13158459	1.24816882	7.28194974	3.73996017	7.79505458	1.31259423	0.00000000	2.60630571	2.89528606	7.16278530	3.09468325	2.81515762	5.96298899	6.83640074	3.89419792	6.97334089	5.58789167	1.58568370	1.80109456	0.78933507	1.73985988	4.73120715	1.92147826	3.74944043	0.78293223	5.94243199	3.69408239	2.48054243	5.55565972	7.45540791	2.31038566
3.35168615	5.76914111	6.15555077	6.75982075	1.14176722	6.15758976	4.37959368	0.79252285	3.34894744	6.42157685	7.71475878	5.04494340	4.46483150	6.80436207	6.64595566	6.17810518	1.96301436	0.89955044	4.76259367	6.64256462	1.79642759	3.15423547	2.76514766	1.29863409	2.05261639	3.61030535	0.49663334	3.08905216	6.26632709	3.06016899	6.96940155	2.83243120	2.60630571	0.00000000	2.98302759	5.87602879	1.29993553	3.80108880	6.99784193	7.00833915	4.20733285	6.35897960	6.55857799	1.40569129	2.65881689	2.20936952	1.80844477	3.45684723	1.59130260	2.30976927	2.16632199	5.06661722	1.82925354	2.55258139	4.46875516	6.08485375	0.44895556
0.73162719	2.92314764	3.19096419	3.77769939	2.67593954	4.03673492	1.69959369	3.21590748	0.54535679	4.48594142	4.78246380	2.26474341	2.19561516	4.22939129	3.70388635	3.71078270	2.46519072	2.15248756	2.35842001	4.55803553	2.49739295	1.22376182	2.65202974	1.73259448	3.27024224	1.08761014	2.91494133	2.00735438	4.43559941	1.06336111	4.90728448	1.72733330	2.89528606	2.98302759	0.00000000	4.42098903	2.10273797	1.16670883	4.03955679	4.16620127	1.23700336	4.07809586	3.59542023	3.37137628	1.12129581	2.13549809	1.43043514	2.23145401	1.49973757	1.80726784	2.15918991	3.09465341	2.27462548	0.48182065	2.81264666	4.74301148	2.55712326
3.70548914	3.48600565	5.24663995	5.21411493	4.79170687	1.41501653	3.14635797	6.55487786	3.93363062	1.07336754	4.83156887	3.21933791	2.36916317	2.77342828	5.73906232	2.28501904	3.94298564	5.57199270	2.41458740	1.46971441	6.53963582	5.63066858	6.98920798	4.87311821	7.26702768	5.29628995	6.17039992	6.42634211	0.81041349	3.43580326	1.60066513	6.13415371	7.16278530	5.87602879	4.42098903	0.00000000	4.60004741	5.24322585	5.79812958	3.87531990	4.09672357	1.83056535	5.48081838	7.01688310	5.51512133	6.37361989	5.44045774	2.48750581	5.31247401	3.62135913	6.38070044	1.46368703	4.04941622	4.73211035	1.61557255	0.35462873	5.69415570
2.25439321	4.62484188	5.26034278	5.79734805	0.57347395	4.86073930	3.21063812	1.95736267	2.31615679	5.12194212	6.60825862	3.88707725	3.20264711	5.55277685	5.78914417	4.91363719	0.82908111	1.09652482	3.51269260	5.34341638	2.28975034	2.74824464	3.09873640	0.57339759	2.87018432	3.01014931	1.57349497	3.04534796	4.96867052	1.85760521	5.66960303	2.72179464	3.09468325	1.29993553	2.10273797	4.60004741	0.00000000	3.16054615	6.11054913	5.84295971	3.22081187	5.07078695	5.66368310	2.45938789	2.28697839	2.42198763	1.56181062	2.15868598	1.29569360	1.00983584	2.39956588	3.76924223	0.62378742	1.80563237	3.16902128	4.82380663	1.10052817
1.64772170	2.90815869	2.48998696	3.17781981	3.72808753	4.58801778	2.16268914	3.82478320	1.40718206	5.10381144	4.44741233	2.46076793	2.88460725	4.43325657	2.91249109	4.05223538	3.61415504	2.90568104	2.92492506	5.09237481	2.75745574	0.82920282	2.47668756	2.69506388	3.45330243	0.21032911	3.60430469	1.61217777	5.10688580	2.14922961	5.43261613	1.50611066	2.81515762	3.80108880	1.16670883	5.24322585	3.16054615	0.00000000	3.28876953	4.04789620	1.25331519	4.52659017	2.87385359	3.79690977	1.22103539	2.23552422	2.01178982	3.30290614	2.20991072	2.97340211	2.27849929	3.81523294	3.41415194	1.35494357	3.69815930	5.58521918	3.35275533
3.91932733	2.32211351	0.85033812	0.59508006	6.67592894	4.50716226	3.30557732	7.10180366	3.80840237	5.05874286	1.91788858	2.80204709	3.93480755	3.43864753	0.39311721	3.60807067	6.28036183	6.12631845	3.67707226	4.80438016	6.03313468	4.09190350	5.59680249	5.77200493	6.69262353	3.49812469	6.85865609	4.71555164	5.22122905	4.44748553	5.02603389	4.71861361	5.96298899	6.99784193	4.03955679	5.79812958	6.11054913	3.28876953	0.00000000	2.32298638	2.90304368	4.17783936	0.44719920	7.08358687	4.50954544	5.49271697	5.26801948	5.18521330	5.43260861	5.53261129	5.53863328	4.49266878	6.14094897	4.44600667	4.87686660	6.13575037	6.55838221
3.66065378	1.24698124	2.23269822	1.76069239	6.33489238	2.46988717	2.63520767	7.35942213	3.69621272	2.95575511	0.97058200	1.96378464	2.80586136	1.18722961	2.46338348	1.59709386	5.69615640	6.26824307	2.46955965	2.63500871	6.61815608	4.83979564	6.51329149	5.71037236	7.37487636	4.23251978	7.03331119	5.65977269	3.16631561	3.98535450	2.79738501	5.52600289	6.83640074	7.00833915	4.16620127	3.87531990	5.84295971	4.04789620	2.32298638	0.00000000	2.97630038	2.07320716	2.21226065	7.53695035	5.08259866	6.17252370	5.59533586	4.19431712	5.65661930	4.98224487	6.20744812	2.89319149	5.63493163	4.64788766	3.48919182	4.17354837	6.62549519
1.02471250	1.75737358	2.05712342	2.57836113	3.78048268	3.34476232	0.95339788	4.45041920	0.90706384	3.87125480	3.54894644	1.21777987	1.73190720	3.21215040	2.60481763	2.80237332	3.38755353	3.38903599	1.71142036	3.84446435	3.64194385	1.92954121	3.59137010	2.93161031	4.39937984	1.38305297	4.15193944	2.78415883	3.88989874	1.57752166	4.18280850	2.60065879	3.89419792	4.20733285	1.23700336	4.09672357	3.22081187	1.25331519	2.90304368	2.97630038	0.00000000	3.27352711	2.45612003	4.57814427	2.11339062	3.20292308	2.64105510	2.52401467	2.73315963	2.64582464	3.23629837	2.64011693	3.24077573	1.70732760	2.64387329	4.44679552	3.78821825
3.37076263	2.00598744	3.77181152	3.58279223	5.43744592	0.41951184	2.41436276	6.89893486	3.53277164	0.89128080	3.01295981	2.09654827	1.94607651	0.94297027	4.19193196	0.58206003	4.65049958	5.81450128	1.72318381	0.64296426	6.52056655	5.13577834	6.72069985	5.14503834	7.29236484	4.64573516	6.52807687	5.99230235	1.09311405	3.39140689	0.93751042	5.75945137	6.97334089	6.35897960	4.07809586	1.83056535	5.07078695	4.52659017	4.17783936	2.07320716	3.27352711	0.00000000	3.92599637	7.23613322	5.18517219	6.20920935	5.39803164	2.99885789	5.35779502	4.07471499	6.23026154	1.34538432	4.66986834	4.51034847	2.02213229	2.10922803	6.06456822
3.47340604	1.99512261	0.40448620	0.48896470	6.22884712	4.23180909	2.88326852	6.67506195	3.36126460	4.79289901	2.00222581	2.40977420	3.53679582	3.25283261	0.26615016	3.34733720	5.83528453	5.69038058	3.29252771	4.56259388	5.62704316	3.68653999	5.22480894	5.32801276	6.29940588	3.08398406	6.42647760	4.33983361	4.94033216	4.00396540	4.80506207	4.32604361	5.58789167	6.55857799	3.59542023	5.48081838	5.66368310	2.87385359	0.44719920	2.21226065	2.45612003	3.92599637	0.00000000	6.67073826	4.09225494	5.09254308	4.83842370	4.76144499	4.99812648	5.08811026	5.13765881	4.13817039	5.69475541	4.00609584	4.49050284	5.82387161	6.12037738
3.95245142	6.29451943	6.28476828	6.95958099	2.49618045	7.09610338	5.01169473	0.62498736	3.86509986	7.43264483	8.11661191	5.62395972	5.29135232	7.53869551	6.70337589	6.96425321	3.24665514	1.45035226	5.54514823	7.60444809	1.07390279	2.99607650	1.88254077	2.14929237	0.78010991	3.58686527	0.93833078	2.55196077	7.30869736	3.84472991	7.94530277	2.42666878	1.58568370	1.40569129	3.37137628	7.01688310	2.45938789	3.79690977	7.08358687	7.53695035	4.57814427	7.23613322	6.67073826	0.00000000	2.58064690	1.63719843	1.94162592	4.53441216	1.90415770	3.39690485	1.58749014	6.02791299	3.07053147	2.88955591	5.50248865	7.25906507	1.37091628
1.85226643	3.87073410	3.70451356	4.38030332	2.80921105	5.15542953	2.78249802	2.61118320	1.66002873	5.60722312	5.58197897	3.28233788	3.31682909	5.27866664	4.13345778	4.79446431	2.93511016	1.76109705	3.47178592	5.67640453	1.56290073	0.49711122	1.53570579	1.73717085	2.29802579	1.01263790	2.41163192	0.93199736	5.55508871	2.09209403	6.02550404	0.62048090	1.80109456	2.65881689	1.12129581	5.51512133	2.28697839	1.22103539	4.50954544	5.08259866	2.11339062	5.18517219	4.09225494	2.58064690	0.00000000	1.09013617	0.85293977	3.20862962	1.09862027	2.47418102	1.12490653	4.21336716	2.70987000	0.79863453	3.90030590	5.82907940	2.21187413
2.84043939	4.96002544	4.71758568	5.41245245	2.79924445	6.14911131	3.83217403	1.86186746	2.67982295	6.57087316	6.65767336	4.36056585	4.29887584	6.34988213	5.10703869	5.84535154	3.22039287	1.46184203	4.48656803	6.67041783	0.56371775	1.40894324	0.68204106	1.86564396	1.21967811	2.02682700	1.80603413	0.93664978	6.49631633	2.95135083	7.01951376	0.79113417	0.78933507	2.20936952	2.13549809	6.37361989	2.42198763	2.23552422	5.49271697	6.17252370	3.20292308	6.20920935	5.09254308	1.63719843	1.09013617	0.00000000	0.96521257	3.94756169	1.17424222	2.99189213	0.05029817	5.15804990	2.99417090	1.70301177	4.76634467	6.66704654	1.82784862
2.04738563	4.35336925	4.44117593	5.08669756	2.03045969	5.30253933	3.09493432	1.83995215	1.93637320	5.69493370	6.18687672	3.68982457	3.45917368	5.63063204	4.90243516	5.08093265	2.31215688	0.90931771	3.68087554	5.82109176	1.12680192	1.34994530	1.63675955	0.98847441	1.89484714	1.81392315	1.59434038	1.48523101	5.60444181	2.05276098	6.16841414	1.16667160	1.73985988	1.80844477	1.43043514	5.44045774	1.56181062	2.01178982	5.26801948	5.59533586	2.64105510	5.39803164	4.83842370	1.94162592	0.85293977	0.96521257	0.00000000	2.99289748	0.27151026	2.02919512	0.96144582	4.27697286	2.08296735	0.94883234	3.84408633	5.72605091	1.36043226
1.66326053	3.13676891	4.40121743	4.71600883	2.45562122	2.74179136	1.87964172	4.09295372	1.89933348	2.96655235	5.09279483	2.45066868	1.39245781	3.62492760	4.96453738	2.95448282	1.65192668	3.08664880	1.72646977	3.20459493	4.06870629	3.43837131	4.59258187	2.38717361	4.78470747	3.28005591	3.70922949	4.14061072	2.80998482	1.16974853	3.52267768	3.82328188	4.73120715	3.45684723	2.23145401	2.48750581	2.15868598	3.30290614	5.18521330	4.19431712	2.52401467	2.99885789	4.76144499	4.53441216	3.20862962	3.94756169	2.99289748	0.00000000	2.84302390	1.15333785	3.94927661	1.65852136	1.68469521	2.41078585	1.01723330	2.74953892	3.23235088
2.04829493	4.41046117	4.59774847	5.22723730	1.75895228	5.24196222	3.10785420	1.71727982	1.96735065	5.61403835	6.28137119	3.72661446	3.41226965	5.63508118	5.07330906	5.06635226	2.06107937	0.69744801	3.65252798	5.75725685	1.22728653	1.59423499	1.85533334	0.72264934	1.96705983	2.01929625	1.43252792	1.75522711	5.51229699	1.97848543	6.10259091	1.43800521	1.92147826	1.59130260	1.49973757	5.31247401	1.29569360	2.20991072	5.43260861	5.65661930	2.73315963	5.35779502	4.99812648	1.90415770	1.09862027	1.17424222	0.27151026	2.84302390	0.00000000	1.82796223	1.16213647	4.19721944	1.83268076	1.02639018	3.73182015	5.58877476	1.14284482
1.62112585	3.80377407	4.69491065	5.15072085	1.38090428	3.85447095	2.39565003	2.94094035	1.77277374	4.11255824	5.80253700	3.06541254	2.25087997	4.59806430	5.24827011	3.94640368	0.75079229	1.95861448	2.57494146	4.33439119	3.02184369	2.82997266	3.66593155	1.26630181	3.69957290	2.87942252	2.55688091	3.37370763	3.96187012	1.08816217	4.65987714	3.04113604	3.74944043	2.30976927	1.80726784	3.62135913	1.00983584	2.97340211	5.53261129	4.98224487	2.64582464	4.07471499	5.08811026	3.39690485	2.47418102	2.99189213	2.02919512	1.15333785	1.82796223	0.00000000	2.98427107	2.76278971	0.65314306	1.74773275	2.15959943	3.86295878	2.07988798
2.86042807	4.99303091	4.76199911	5.45589501	2.76960547	6.16705506	3.85719145	1.81244811	2.70279975	6.58593907	6.69701576	4.38992136	4.31667742	6.37745139	5.15324684	5.86978980	3.20154579	1.42788982	4.50731066	6.68823401	0.51381392	1.45292669	0.69997176	1.84635540	1.17915224	2.06949690	1.75966612	0.98660245	6.50952107	2.96212654	7.03723649	0.84018682	0.78293223	2.16632199	2.15918991	6.38070044	2.39956588	2.27849929	5.53863328	6.20744812	3.23629837	6.23026154	5.13765881	1.58749014	1.12490653	0.05029817	0.96144582	3.94927661	1.16213647	2.98427107	0.00000000	5.17215937	2.97592447	1.72177732	4.77496335	6.67259474	1.78823865
2.36331981	2.17859380	3.86741109	3.93073629	4.10851149	1.09168856	1.68722981	5.64743931	2.57305277	1.41805137	3.85732884	1.78718852	0.93185559	2.07152195	4.38712710	1.40646767	3.31009807	4.58507424	0.95174664	1.58154579	5.40220900	4.26818887	5.73044466	3.89744521	6.16108694	3.88407773	5.26964680	5.09413870	1.34220341	2.22453081	1.91834544	4.82183663	5.94243199	5.06661722	3.09465341	1.46368703	3.76924223	3.81523294	4.49266878	2.89319149	2.64011693	1.34538432	4.13817039	6.02791299	4.21336716	5.15804990	4.27697286	1.65852136	4.19721944	2.76278971	5.17215937	0.00000000	3.33842223	3.46508928	0.68197350	1.81720260	4.79841215
2.22185668	4.45610704	5.29748016	5.77652902	0.77092656	4.42549207	3.04589983	2.54436136	2.34455913	4.64066182	6.45473425	3.71725468	2.89044673	5.22967403	5.84485658	4.57193015	0.22940238	1.71911585	3.21832185	4.88851463	2.90115681	3.13148482	3.67555057	1.13032635	3.49381690	3.29172784	2.16466453	3.53959752	4.47065389	1.71960721	5.20368513	3.20856889	3.69408239	1.82925354	2.27462548	4.04941622	0.62378742	3.41415194	6.14094897	5.63493163	3.24077573	4.66986834	5.69475541	3.07053147	2.70987000	2.99417090	2.08296735	1.68469521	1.83268076	0.65314306	2.97592447	3.33842223	0.00000000	2.09468597	2.70029611	4.25561475	1.70190592
1.13959008	3.40496590	3.60297423	4.21462483	2.37352640	4.44616943	2.16162607	2.74354320	0.99871352	4.87318950	5.25614112	2.74294558	2.59608000	4.69682507	4.09756241	4.16412541	2.30665416	1.69670920	2.78716643	4.96752321	2.02945963	1.08408532	2.26798969	1.35642319	2.80384465	1.20885923	2.45263130	1.73019097	4.80642756	1.29941264	5.31666215	1.41695531	2.48054243	2.55258139	0.48182065	4.73211035	1.80563237	1.35494357	4.44600667	4.64788766	1.70732760	4.51034847	4.00609584	2.88955591	0.79863453	1.70301177	0.94883234	2.41078585	1.02639018	1.74773275	1.72177732	3.46508928	2.09468597	0.00000000	3.11656879	5.04141965	2.11655542
2.10816293	2.62412092	4.17964306	4.34396280	3.47098014	1.73528315	1.74959523	5.08635177	2.34255167	1.95296264	4.43839100	2.08091803	0.97493470	2.74216552	4.72479612	2.07149273	2.65556126	4.05230952	1.19979508	2.18823653	4.95529506	4.02940173	5.37563498	3.35487266	5.69678838	3.73093385	4.70428982	4.81447479	1.80872097	1.82136617	2.50549855	4.51977729	5.55565972	4.46875516	2.81264666	1.61557255	3.16902128	3.69815930	4.87686660	3.48919182	2.64387329	2.02213229	4.49050284	5.50248865	3.90030590	4.76634467	3.84408633	1.01723330	3.73182015	2.15959943	4.77496335	0.68197350	2.70029611	3.11656879	0.00000000	1.93077235	4.22865722
4.03308267	3.82875420	5.59445932	5.54959629	4.98275727	1.70375039	3.49759002	6.78116554	4.26376363	1.28412072	5.12150131	3.57327502	2.71722310	3.04667309	6.08306641	2.59453508	4.13490088	5.82039092	2.76852264	1.67452060	6.81574726	5.95737195	7.29069499	5.12382954	7.53412501	5.63452295	6.39717149	6.74511649	1.03407170	3.74248585	1.74150969	6.44904194	7.45540791	6.08485375	4.74301148	0.35462873	4.82380663	5.58521918	6.13575037	4.17354837	4.44679552	2.10922803	5.82387161	7.25906507	5.82907940	6.66704654	5.72605091	2.74953892	5.58877476	3.86295878	6.67259474	1.81720260	4.25561475	5.04141965	1.93077235	0.00000000	5.92262020
2.96485930	5.38195565	5.71795710	6.32939245	1.15588392	5.88442919	4.00786477	0.86127868	2.94578322	6.17807110	7.31148461	4.66538096	4.14592982	6.46811770	6.20423859	5.85450307	1.87575366	0.45112670	4.43200483	6.37963330	1.47875463	2.70792143	2.42588811	0.93100059	1.88094959	3.16151701	0.47700275	2.67651661	6.03613305	2.71637429	6.71274056	2.40779510	2.31038566	0.44895556	2.55712326	5.69415570	1.10052817	3.35275533	6.55838221	6.62549519	3.78821825	6.06456822	6.12037738	1.37091628	2.21187413	1.82784862	1.36043226	3.23235088	1.14284482	2.07988798	1.78823865	4.79841215	1.70190592	2.11655542	4.22865722	5.92262020	0.00000000

EDGE_KM_T
0.00000000	3.16235741	4.23963094	5.02741932	3.95475510	4.26327266	1.19881267	4.45633882	0.32550007	5.03179446	5.97339799	2.13184830	1.93305601	3.69762823	4.95410602	3.28060575	3.23573620	3.18606160	1.98169788	4.93345146	3.53888157	2.72069200	4.46298571	2.72333573	4.38252630	2.24033987	4.17961492	3.81372771	5.06692211	0.66399247	5.38393462	3.37909058	4.60267827	4.43935086	0.99804676	5.23634233	3.17112074	2.14301723	5.43923508	4.71394402	1.38282503	4.05921207	4.81157465	4.24171307	2.50269545	3.52363700	2.15842316	2.01361529	2.19958892	2.18309916	3.51650299	3.25052614	3.09417656	1.37512611	2.97758262	5.70313720	3.81044121
3.16260887	0.00000000	2.28374369	1.86553446	7.11788202	2.96223216	1.96375613	7.61917388	3.05795135	3.73089080	2.81138079	1.03062348	2.41101569	2.17385491	2.63738054	1.97932120	6.39889586	6.34884675	1.93719364	3.63245991	5.88859080	4.02239959	5.76471206	5.88617653	6.58725847	3.54208248	7.34247584	5.11551127	3.76607328	3.82675243	4.08297656	4.68079065	5.90435505	7.60233510	3.43542036	3.93566953	6.33411345	3.44478467	2.36589324	1.55168305	1.77953840	2.75806873	2.28902937	7.40440322	3.93606378	5.09127751	5.09254995	4.37876428	5.36224032	5.34609769	5.16207599	2.38583642	6.25727763	4.00299986	3.31090522	4.40255221	6.97332855
4.24014595	2.28362102	0.00000000	0.78780180	8.19527913	5.24570050	3.04130404	8.69664985	4.13550414	6.01432217	2.57698453	2.10819760	3.48850965	4.45741611	0.71458042	4.26285548	7.47628413	7.42633621	3.01470311	5.91591503	6.96615756	4.34509929	5.94862831	6.96365096	7.66483053	3.60563246	8.41994482	4.87595828	6.04948983	4.90424869	6.36642263	5.05919885	6.45515651	8.67977077	4.51298392	6.21903851	7.41154683	3.32453095	1.19973055	3.12160131	2.85714179	5.04156486	0.57200064	8.48191835	5.01366399	6.16887282	6.17009538	5.45618345	6.43976591	6.42352950	6.23966846	4.23296902	7.33468173	5.08055646	4.38832819	6.68589747	8.05079040
5.02818118	1.86555917	0.78780773	0.00000000	8.98348138	4.59434380	3.82932635	9.48475800	4.92352063	5.36300958	1.92533594	2.89618863	4.27659634	3.80594859	1.00532972	3.61142010	8.26449694	8.21442827	3.80277128	5.26457411	7.75415737	5.13302056	6.73654353	7.75176096	8.45282402	4.39354244	9.20806131	5.66385505	5.39819492	5.69233263	5.71509251	5.84712254	7.24308771	9.46792701	5.30098755	5.56780036	8.19970580	4.11243292	0.73384393	2.47003132	3.64509789	4.39017500	0.65697508	9.26997977	5.80162388	6.95683856	6.95812065	6.24435938	7.22781485	7.21169036	7.02763759	4.25142619	8.12287565	5.86856839	5.17649959	6.03468763	8.83891540
3.95428186	7.11640955	8.19326819	8.98103976	0.00000000	5.89696692	5.15305792	2.66100236	4.05882815	5.65298498	9.92713933	6.08600492	4.70618051	7.65188264	8.90761140	6.71997620	0.96130719	1.76002872	5.17989263	6.20492093	3.41700673	3.84874765	4.34087119	1.23115801	4.26063356	4.58815694	2.19293576	3.69156091	5.28250439	3.29042742	6.40763568	3.25700006	4.48060903	1.54025120	3.68128285	5.35749442	0.78351176	4.86921763	9.39271409	8.66790807	5.33688268	6.45375347	8.76514064	3.51858834	3.18037984	3.40166562	2.03662046	2.73896152	1.76316356	1.77153868	3.39454123	4.73169391	0.86055494	3.11375261	3.80679372	5.82420908	1.62834677
4.26370864	2.96245258	5.24637338	4.59469427	5.89743779	0.00000000	3.36147778	7.04596445	4.58928950	0.76871202	4.03225785	3.14646482	2.33043072	1.75570744	5.60006651	0.98300615	5.17846442	6.14510579	2.28186871	0.67024685	7.80274289	6.98489195	8.72721173	5.27044815	8.64641485	6.50458849	6.57783827	8.07803325	0.80391589	3.80941584	1.12077657	7.64328007	8.86683539	6.38183522	5.26189161	1.74838716	5.11361687	6.40730037	5.32859047	2.77246503	4.69737590	0.55702343	5.25168948	7.90388425	6.76672888	7.78764521	6.42217472	3.15828821	6.14854874	4.12560339	7.78049656	1.16532051	5.03682333	5.63893518	2.09042367	1.93149317	6.01318844
1.19883153	1.96364425	3.04113157	3.82892860	5.15383050	3.36115261	0.00000000	5.65527683	1.22779513	4.12973883	4.77484498	0.93308130	1.03086347	2.57295726	3.75567458	2.37837082	4.43482701	4.38497611	1.07947829	4.03135445	4.44120097	3.62312607	5.36542862	3.92227644	5.28485492	3.14279043	5.37856510	4.71619754	4.16489229	1.86289512	4.48185338	4.28152112	5.50509784	5.63835909	1.90036058	4.33439537	4.37013296	3.04547948	4.24081723	3.51527626	1.33570933	3.15704361	3.61311200	5.44058286	3.40507313	4.42600614	3.12878895	2.41475597	3.39844047	3.38211412	4.41886718	2.34841579	4.29323979	2.27742781	2.07551375	4.80123158	5.00940383
4.45597180	7.61792118	8.69445781	9.48221634	2.66079541	7.04570099	5.65471944	0.00000000	4.56047688	7.81400075	10.42840973	6.58759766	5.20798365	8.15355127	9.40869869	7.22171548	3.62207937	1.27019623	5.68165503	7.71580036	1.72970179	4.35018696	2.74661383	1.77549900	1.59937903	5.08957143	0.46804826	3.81914927	7.84903945	3.79222450	8.16622918	3.63610511	2.24020225	1.12064538	4.18290330	8.01817402	2.45151792	5.37061451	9.89378091	9.16935133	5.83839858	6.95559289	9.26627496	0.85748321	3.68190409	2.52673794	2.52594975	4.79584442	2.25645188	3.48269731	2.45596708	6.03292102	3.33021571	3.61539131	5.75983453	8.48482642	1.03261853
0.32549720	3.05774845	4.13499951	4.92278697	4.05932597	4.58875433	1.22778573	4.56092414	0.00000000	5.35726935	5.86877219	2.02724500	2.25854530	3.80073778	4.84946744	3.60609950	3.34030545	3.29064939	2.30719001	5.25893070	3.21337894	2.39517731	4.13747009	2.82792076	4.05702270	1.91482344	4.28419895	3.48820926	5.39239430	0.77957248	5.70941221	3.05357626	4.27716511	4.54392879	0.67254471	5.56180580	3.27569826	1.81749958	5.33459507	4.60933029	1.27821637	4.38469883	4.70693936	4.34630557	2.17718669	3.19812914	2.03457000	2.33909089	2.30418333	2.28767638	3.19099565	3.57600679	3.19874871	1.04962534	3.30305891	6.02859632	3.91502394
5.03247356	3.73124702	6.01522115	5.36354419	5.65314855	0.76872809	4.13024741	7.81470281	5.35806125	0.00000000	4.27667739	3.91524584	3.09917689	2.00006104	6.36893122	1.75176290	4.93417902	6.91385001	3.05062163	0.55214873	8.57152071	7.75369837	9.49602035	6.03918584	9.41519497	7.27339902	7.34657360	8.84684859	0.37061331	4.57816302	0.75478241	8.41208561	9.63563819	6.69359048	6.03066804	1.50411709	5.36269144	7.17611382	6.09745856	3.01685595	5.46616964	0.97294370	6.02054640	8.67263963	7.53552123	8.55643543	7.19094326	3.01820038	6.91730866	4.33149379	8.54928555	1.78144354	4.79253106	6.40770859	2.05425422	1.68723342	6.78192066
5.97440100	2.81161731	2.57709452	1.92542102	9.93003429	4.03253413	4.77552040	10.43112326	5.86970308	4.27687306	0.00000000	3.84232031	5.22291880	2.27672182	2.93083171	3.20888821	9.21107090	9.16076143	4.74905681	3.72470783	8.70030657	6.07901313	7.68252404	8.69812990	9.39896062	5.33951249	10.15444319	6.60979878	4.64749665	6.63864960	3.79039165	6.79311995	8.18910009	10.41438819	6.24714436	5.78103346	9.14617242	5.05838701	2.65936448	1.25986723	4.59115991	3.47547933	2.58243442	10.21625185	6.74769347	7.90291981	7.90432062	7.19085980	8.17406201	8.15816072	7.97372562	5.19786093	9.06941194	6.81474176	6.12299098	5.96416627	9.78531426
2.13194809	1.03059237	2.10819650	2.89599826	6.08708030	3.14616639	0.93310625	6.58845156	2.02730639	3.91478780	3.84188060	0.00000000	1.38031148	2.35788264	2.82277663	2.16332183	5.36808524	5.31813801	0.90650506	3.81638082	4.85795991	3.83828387	5.58059124	4.85545265	5.55663291	3.35795723	6.31174648	4.93137488	3.94995536	2.79605054	4.26688836	4.49667698	5.72024772	6.57157220	2.40478624	4.11950372	5.30334824	3.26065267	3.30792671	2.58224918	1.55083934	2.94203094	2.68019699	6.37372033	3.62020012	4.64112846	4.06189757	3.34798477	4.33156797	4.31533090	4.63398679	2.13343487	5.22648294	2.97235874	2.28012953	4.58636251	5.94259201
1.93315203	2.41085186	3.48839856	4.27619800	4.70672351	2.33030928	1.03088958	5.20813167	2.25868707	3.09891339	5.22209707	1.38027396	0.00000000	2.94598952	4.20296044	2.01393211	3.98772430	3.93782443	0.47379916	3.00051753	5.47209967	4.65405663	6.39636162	3.47513203	6.31575619	4.17372556	4.93142332	5.74713803	3.13407403	1.47897839	3.45102083	5.31245069	6.53602437	5.19123344	2.93125774	3.30360013	3.92300842	4.07641786	4.68810686	3.96249648	2.36662576	2.12618683	4.06038918	5.57339174	4.43598803	5.45691866	4.09159377	1.96763830	3.81802567	2.93499034	5.44977832	1.31757516	3.84612942	3.30832160	1.04468464	3.77044782	4.56226551
3.69767652	2.17398922	4.45800840	3.80633327	7.65326393	1.75578187	2.57296864	8.15437874	3.80078427	2.00010868	2.27667206	2.35797669	2.94618018	0.00000000	4.81173279	0.93215757	6.93429765	6.88402133	2.47232328	1.45884320	7.01424886	6.19645068	7.93877452	6.42138488	7.85792506	5.71615481	7.87769639	7.28960844	2.37072743	4.36191174	1.90938017	6.85483718	8.07838745	8.13763046	4.47339502	3.50424866	6.86941395	5.61887207	4.54026300	1.33609346	3.90891124	1.19873618	4.46334139	7.93952017	5.97826166	6.99917407	5.63366358	4.91409667	5.89733376	5.88140173	6.99202314	2.92110684	6.79264388	4.85043301	3.84622909	3.68737369	7.50856512
4.95479509	2.63726727	0.71459209	1.00529930	8.90997014	5.59939243	3.75594994	9.41131727	4.85014858	6.36802516	2.93060327	2.82283565	4.20317168	4.81108026	0.00000000	4.61652769	8.19097778	8.14099959	3.72936051	6.26961092	7.68079782	5.05971985	6.66324736	7.67831884	8.37946920	4.32025019	9.13461433	5.59057270	6.40319725	5.61891004	6.72012122	5.77382002	7.16977956	9.39445024	5.22762513	6.57276016	8.12622699	4.03914668	0.48515247	3.47523977	3.57177109	5.39524848	0.34833861	9.19657405	5.72829423	6.88350453	6.88474202	6.17086786	7.15441848	7.13821013	6.95430102	4.58666262	8.04937065	5.79519976	5.10301146	7.03962621	8.76546204
3.28070001	1.97943497	4.26333957	3.61165981	6.72099324	0.98299744	2.37846772	7.22218167	3.60627880	1.75170457	3.20866280	2.16345130	2.01399990	0.93213243	4.61702756	0.00000000	6.00201869	5.95183685	1.54015749	1.65324254	6.81973034	6.00187070	7.74418981	5.48918636	7.66340160	5.52156599	6.94549279	7.09500930	1.78690648	3.42973361	2.10377106	6.66025909	7.88381524	7.20539576	4.27887948	2.57193676	5.93717711	5.42427699	4.34555048	1.94887868	3.71435851	0.77879757	4.26865289	7.00735966	5.78371191	6.80462889	5.43916498	3.98184657	5.16554162	4.94916342	6.79748061	1.98888251	5.86037970	4.65592397	2.91398253	2.75503965	6.57635486
3.23544050	6.39766289	7.47469258	8.26247108	0.96131952	5.17800743	4.43423165	3.62243181	3.34000868	4.93397395	9.20852081	5.36721519	3.98727903	6.93305260	8.18909015	6.00110862	0.00000000	2.72147697	4.46101278	5.48594300	4.37856273	3.56024236	5.30252601	1.84692658	5.22219695	3.86946189	3.15435547	4.65323728	4.56347272	2.57152915	5.68864514	4.21864499	5.44224518	2.50162446	2.96247840	4.39623640	1.17074273	4.15053194	8.67420371	7.94919774	4.61813375	5.73483271	8.04659441	4.48007236	3.34231014	4.36326143	2.99814673	2.01995579	2.72466218	1.05255055	4.35613307	4.01272665	0.29192727	2.39493846	3.08779328	4.86298414	2.58975653
3.18586138	6.34793318	7.42469089	8.21245837	1.75995275	6.14475883	4.38462854	1.27022053	3.29039476	6.91312520	9.15858735	5.31755398	3.93779552	6.88345548	8.13900203	5.95157119	2.72125266	0.00000000	4.41149487	6.81488202	1.65691440	3.08024861	2.58072055	0.87451706	2.50053689	3.81965012	0.99346725	2.54924790	6.94819059	2.52204053	7.26532715	2.36616310	2.72046941	1.25306313	2.91284059	7.11741086	1.55060993	4.10070530	8.62409830	7.89941027	4.56840765	5.94081504	7.99654601	1.75853850	2.41190743	1.64154981	1.25585436	3.89496202	0.98632077	2.58179216	1.63442776	5.13198890	2.42936047	2.34531607	4.85894530	7.58410600	0.62426355
1.98177130	1.93709409	3.01469393	3.80249552	5.18057133	2.28172671	1.07951354	5.68194534	2.30731314	3.05034684	4.74837911	0.90650280	0.47380588	2.47220583	3.72927270	1.54013676	4.46157596	4.41163226	0.00000000	2.95194069	5.52073179	4.70271726	6.44502445	3.94894638	6.36439060	4.22239029	5.40524002	5.79580755	3.08551389	1.88954503	3.40244792	5.36111044	6.58468139	5.66506457	2.97988847	3.25506059	4.39684054	4.12508549	4.21442250	3.48874999	2.41527375	2.07759223	3.58669368	5.62200149	4.48463464	5.50556315	4.14021665	2.44147657	3.86663996	3.40882314	5.49842157	1.26899501	4.31997422	3.35694933	1.37362146	3.72191856	5.03608529
4.93403490	3.63283391	5.91685418	5.26517909	6.20531307	0.67025757	4.03181283	7.71624118	5.25962850	0.55215766	3.72462561	3.81682111	3.00072202	1.45884416	6.27057891	1.65331717	5.48634687	6.81539345	2.95217260	0.00000000	8.47309321	7.65529562	9.39761951	5.94072362	9.31676946	7.17499983	7.24810934	8.74845356	0.92277653	4.47970902	0.45053705	8.31368210	9.53723231	6.68967925	5.93223934	2.05629820	5.42146276	7.07771715	5.99910919	2.79493839	5.36775592	0.87448363	5.92218735	8.57419271	7.43710632	8.45801867	7.09250774	3.46614561	6.81886569	4.43345056	8.45086772	1.68297092	5.34469295	6.30927727	2.39827800	2.23942345	6.68345372
3.53872733	5.88825031	6.96488613	7.75264868	3.41669861	7.80155956	4.44107015	1.72977518	3.21330887	8.56988919	8.69881317	4.85790181	5.47155917	7.01400863	7.67915854	6.81923535	4.37798972	1.65683760	5.52028171	8.47166961	0.00000000	2.62053837	1.01696934	2.53133972	0.84361722	3.35993048	1.45301496	2.08951727	8.60493987	3.99259792	8.92210575	1.90645488	1.06349789	1.87651743	2.54081818	8.77411288	3.20739181	3.64097899	8.16424707	7.43970153	4.10872640	7.59764337	7.53672032	1.51535293	1.95222934	0.79705923	1.38034752	5.55172980	1.65376840	4.23857248	0.72628606	6.78878409	4.08611326	2.16370268	6.51571684	9.24078445	1.78846941
2.72046816	4.02223301	4.34461925	5.13239598	3.84899186	6.98354218	3.62278009	4.35076042	2.39500489	7.75197731	6.07845845	3.83798935	4.65342307	6.19572629	5.05900293	6.00102984	3.56015517	3.08051481	4.70210132	7.65368998	2.62072619	0.00000000	1.74228184	2.61775369	3.31942585	0.73941910	4.07402014	1.09298760	7.78707025	3.17445523	8.10415193	0.71408930	2.11001520	4.33367798	1.72248346	7.95637897	3.06544250	1.02048676	5.54411371	4.86034475	2.28729749	6.77954672	4.91651357	4.13622645	0.66840139	1.82358549	1.82455636	4.73380707	2.09412684	3.42061372	1.89436677	5.97078261	3.26823355	1.34538781	5.69778328	8.42311823	3.70482971
4.46247083	5.76442429	5.94792377	6.73568670	4.34045292	8.72530961	5.36481282	2.74675702	4.13705116	9.49364210	7.68184842	5.58009484	6.39530600	7.93775151	6.66219920	7.74298031	5.30174472	2.58058479	6.44402734	9.39542069	1.01697482	1.74226778	0.00000000	3.45508807	1.71568918	2.34296148	2.46999734	1.07254913	9.52869392	4.91634458	9.84585752	1.08385878	0.50642344	2.80026877	3.46455963	9.69787060	4.13114333	2.62401051	7.14728832	6.60260835	4.02948425	8.52139127	6.51975958	2.53233174	1.96009861	0.93913196	2.30409037	6.47548241	2.57751279	5.16232412	0.94625140	7.71253457	5.00986704	3.08744467	7.43946916	10.16454400	2.71221873
2.72314183	5.88528900	6.96218285	7.74995585	1.23118018	5.27026627	3.92192099	1.77550351	2.82769262	6.03867366	8.69604516	4.85487551	3.47502811	6.42074493	7.67653726	5.48883077	1.84683119	0.87453374	3.94874468	5.94040414	2.53153392	2.61763501	3.45541872	0.00000000	3.37516228	3.35704702	1.45626237	2.80611288	6.07375549	2.05927568	6.39085930	2.37154555	3.59515272	1.71589522	2.45015041	6.24302853	0.67613841	3.63810964	8.16164219	7.43679500	4.10576167	5.22259710	7.53406135	2.63310072	1.94925791	2.51620100	1.15114153	3.02050626	0.87767895	1.70732239	2.50907580	4.25750251	1.55492144	1.88261817	3.98448533	6.70975000	1.08706659
4.38229979	6.58692288	7.66340164	8.45115783	4.26009191	8.64502355	5.28465648	1.59933371	4.05690144	9.41330586	9.39736808	5.55661393	6.31507642	7.85759149	8.37762413	7.66278375	5.22137170	2.50034910	6.36381883	9.31511668	0.84361045	3.31917567	1.71560015	3.37483197	0.00000000	4.05855567	2.06737868	2.78812829	9.44833758	4.83611813	9.76554123	2.60509477	1.20919488	2.71996007	3.38442453	9.61744971	4.05083153	4.33959559	8.86270268	8.13834074	4.80740105	8.44114293	8.23520885	0.81656529	2.65090806	1.49574422	2.22393066	6.39515133	2.49732615	5.08201018	1.42497470	7.63224096	4.92951550	3.00730013	7.35914323	10.08409091	2.63194557
2.24020005	3.54189616	3.60528685	4.39306860	4.58865879	6.50335982	3.14250103	5.09034756	1.91472090	7.27183236	5.33909489	3.35768377	4.17319861	5.71544997	4.31970998	5.52078076	3.86962810	3.82008831	4.22186115	7.17352100	3.36022146	0.73942867	2.34297813	3.35734240	4.05891577	0.00000000	4.81361435	1.57337310	7.30694029	2.69422843	7.62399211	1.45352003	2.84945230	5.07330590	1.24218857	7.47629713	3.80507274	0.28107445	4.80482865	4.37998154	1.80696229	6.29933624	4.17720249	4.87577397	1.40786282	2.56305187	2.56407322	4.25365827	2.83366377	2.94045214	2.63383604	5.49060588	3.72808954	1.47457940	5.21763065	7.94306040	4.44443114
4.17924803	7.34123940	8.41785187	9.20561348	2.19279157	6.57766302	5.37800236	0.46805258	4.28376281	7.34598562	10.15178477	6.31089678	4.93123322	7.87683251	9.13211686	6.94498009	3.15408100	0.99344302	5.40491420	7.24777055	1.45299637	4.07352222	2.46995222	1.45624990	2.06749101	4.81291253	0.00000000	3.54249721	7.38103348	3.51547550	7.69820497	3.35943911	2.28736174	0.65261771	3.90619590	7.55019746	1.98349166	5.09395976	9.61720390	8.89268566	5.56171580	6.67883391	8.98968205	1.32556000	3.40521934	2.25005016	2.24923113	4.32782695	1.97972101	3.01467203	2.17927754	5.56488649	2.86220755	3.33867961	5.29181471	8.01686452	0.56457468
3.81329945	5.11515583	4.87548125	5.66325129	3.69148152	8.07625930	4.71562597	3.81955923	3.48785734	8.84464462	6.60936193	4.93087054	5.74619625	7.28856852	5.58981240	7.09383579	4.65278596	2.54933179	5.79489541	8.74638928	2.08964732	1.09295995	1.07257122	2.80600622	2.78835412	1.57334700	3.54280954	0.00000000	8.87971760	4.26723152	9.19683904	0.43455386	1.57901380	3.80242249	2.81535042	9.04896224	3.48212012	1.67069440	6.07491267	5.95330268	3.38021812	7.87230127	5.44734718	3.60507802	1.31083703	1.29254509	1.65490707	5.82647949	1.92835782	4.51330316	1.36332254	7.06349222	4.36088567	2.43824540	6.79046082	9.51566953	3.17360949
5.06764591	3.76640048	6.05034050	5.39866216	5.28253429	0.80392400	4.16541675	7.84989215	5.39322923	0.37060919	4.64720831	3.95040789	3.13436123	2.37063414	6.40403973	1.78694047	4.56356230	6.94903560	3.08580166	0.92275132	8.60668481	7.78884417	9.53116474	6.07437561	9.45035760	7.30854219	7.38176488	8.88198869	0.00000000	4.61334672	1.12538751	8.44723198	9.67078631	6.72879102	6.06583303	1.13349056	5.39789262	7.21125512	6.13256490	3.38740518	5.50132355	1.17193994	6.05565989	8.70781808	7.57067603	8.59159160	7.22611329	3.05340551	6.95248421	4.36669540	8.58444251	1.81664099	4.51886375	6.44287551	2.08945829	1.31660030	6.81711393
0.66398536	3.82633094	4.90358311	5.69137062	3.29074538	3.80918225	1.86279614	3.79234282	0.77957300	4.57769761	6.63735551	2.79582721	1.47897285	4.36161218	5.61805139	3.42961939	2.57172494	2.52206795	1.88950759	4.47935875	3.99295206	3.17475103	4.91704386	2.05933946	4.83659587	2.69439725	3.51561770	4.26778316	4.61282269	0.00000000	4.92984034	3.83314996	5.05673875	3.77534785	1.45211781	4.78223463	2.50711733	2.59707344	6.10317909	5.37791302	2.04679884	3.60512649	5.47552314	4.09436807	2.95676011	3.97770252	2.61249737	1.55951911	2.33897687	1.51909547	3.97056900	2.79643476	2.43016805	1.82919837	2.52348710	5.24902538	3.14644276
5.38462988	4.08346566	6.36755233	5.71587994	6.40796119	1.12080668	4.48241366	8.16680307	5.71023197	0.75479589	3.79045098	4.26743613	3.45129365	1.90944353	6.72129817	2.10390197	5.68899977	7.26596264	3.40275262	0.45054195	8.92370424	8.10594228	9.84826891	6.39128467	9.76738336	7.62565161	7.69866745	9.19911133	1.12542278	4.93028189	0.00000000	8.76432766	9.98787447	7.04565377	6.38284864	2.25897019	5.71475263	7.52837256	6.44983267	3.24558424	5.81838678	1.32504778	6.37289692	9.02477580	7.88773546	8.90864516	7.54310723	3.66878178	7.26945444	4.68355353	8.90149267	2.13351701	5.54733729	6.75988281	2.60091212	2.44210829	7.13400797
3.37876509	4.68060730	5.05859790	5.84636897	3.25697637	7.64174262	4.28108935	3.63649511	3.05331971	8.41013565	6.79247215	4.49632845	5.31167088	6.85403247	5.77293718	6.65930535	4.21828265	2.36626486	5.36036681	8.31187536	1.90656426	0.71408698	1.08387041	2.37148493	2.60526995	1.45349531	3.35974688	0.43455857	8.44521173	3.83270568	8.76232701	0.00000000	1.39591874	3.61936678	2.38081054	8.61446629	3.04760740	1.73455533	6.25803908	5.53324756	2.94566992	7.43777879	5.63046822	3.42200573	0.87628949	1.10945607	1.22037097	5.39196974	1.49382586	4.07879077	1.18023411	6.62897671	3.92637906	2.00370696	6.35595027	9.08117854	2.99054832
4.60218522	5.90417511	6.45429172	7.24205200	4.48009226	8.86497856	5.50453301	2.24025406	4.27677397	9.63329122	8.18823289	5.71982909	6.53499726	8.07747025	7.16854624	7.88268461	5.44137931	2.72027363	6.58372692	9.53508254	1.06347151	2.10998762	0.50641626	3.59476885	1.20923774	2.84937539	2.28732002	1.57895710	9.66833510	5.05603707	9.98551453	1.39590506	0.00000000	2.93992877	3.60428822	9.83748628	4.27080211	3.13042082	7.65363119	6.92915146	4.16923419	8.66107512	7.02611624	2.02584978	2.09984685	1.07887757	2.44380923	6.61513357	2.71722101	5.30198205	1.08599549	7.85220053	5.14951012	3.22716953	7.57912235	10.30414696	2.85189277
4.43883755	7.60085108	8.67750357	9.46526680	1.54018643	6.38166500	5.63759542	1.12068344	4.54335746	6.69337453	10.41142643	6.57049838	5.19080867	8.13642468	9.39178127	7.20456348	2.50147875	1.25301701	5.66449471	6.68964123	1.87653526	4.33314289	2.80028062	1.71581899	2.72015321	5.07253628	0.65262858	3.80212458	6.72842722	3.77505171	7.04558908	3.61905912	2.94004097	0.00000000	4.16579406	6.89760671	1.33087470	5.35358571	9.87687085	9.15230584	5.82132695	6.93840486	9.24934062	1.97820363	3.66482946	2.50965868	2.50882337	3.67521461	2.23930678	2.36205558	2.43888513	5.21640134	2.20960013	3.59827550	4.63920114	7.36428151	0.62877713
0.99801885	3.43522319	4.51236739	5.30015052	3.68167016	5.26120218	1.90031682	4.18333700	0.67253533	6.02968500	6.24616688	2.40474665	2.93102939	4.47326651	5.22680136	4.27860478	2.96264194	2.91307400	2.97968762	5.93136704	2.54083144	1.72257248	3.46486086	2.45033228	3.38447059	1.24221038	3.90660574	2.81558656	6.06479705	1.45205858	6.38184066	2.38097321	3.60456754	4.16630656	0.00000000	6.23416712	2.89807403	1.18813303	5.71192220	4.98678234	1.65569253	5.05717088	5.08428888	3.96875253	1.50461005	2.52555677	1.65704335	3.01150985	1.92663941	1.91005078	2.51842576	4.24844979	2.82109898	0.56754643	3.97548118	6.70093699	3.53742451
5.23717122	3.93587152	6.21971350	5.56803119	5.35784225	1.74832336	4.33493341	8.01946629	5.56274200	1.50404993	5.78042409	4.11990361	3.30392101	3.50397115	6.57338157	2.57185246	4.39646531	7.11859897	3.25534903	2.05617308	8.77618641	7.95829319	9.70060971	6.24395098	9.61985497	7.47798365	7.55134460	9.05142131	1.13345257	4.78290465	2.25881651	8.61668262	9.84024198	6.89839736	6.23533719	0.00000000	5.56750078	7.38069122	6.30190052	4.52067358	5.67079589	2.30532894	6.22501605	8.87736094	7.74015091	8.76107039	7.39563194	3.22302502	7.12201870	4.53630483	8.75392357	1.98623845	4.68849531	6.61238523	2.25907477	0.46690171	6.98669935
3.17081950	6.33297955	7.40989665	8.19767059	0.78352903	5.11346420	4.36960072	2.45165000	3.27537327	5.36253866	9.14375312	5.30256021	3.92269761	6.86842415	8.12425845	5.93650488	1.17070133	1.55068278	4.39641712	5.42141191	3.20769761	3.06533079	4.13159584	0.67614619	4.05132697	3.80474458	1.98358007	3.48229293	5.39762330	2.50694562	5.71472152	3.04772133	4.27132730	1.33087963	2.89783311	5.56690536	0.00000000	4.08580847	8.60936485	7.88449049	4.55345191	5.67026398	7.98177914	3.30925462	2.39694755	3.19237010	1.82730118	2.34437055	1.55383483	1.03118428	3.18524436	3.94818853	0.87878858	2.33029955	3.30834889	6.03363132	1.41898767
2.14290353	3.44457831	3.32423719	4.11202051	4.86981221	6.40608989	3.04520111	5.37147623	1.81741944	7.17457403	5.05803558	3.26037562	4.07591561	5.61815090	4.03867256	5.42349013	4.15078430	4.10121275	4.12457329	7.07625522	3.64132164	1.02050819	2.62405606	3.63847156	4.34001429	0.28107655	5.09474521	1.67070605	7.20968661	2.59694472	7.52672917	1.73460019	3.13053444	5.35444723	1.18813609	7.37905838	4.08621478	0.00000000	4.52379368	4.28265551	1.70964495	6.20205759	3.89615945	5.15689036	1.68895249	2.84414309	2.84518010	4.15639875	3.11477687	3.09819159	2.91492815	5.39333770	4.00924077	1.75568277	5.12036993	7.84582909	4.72556424
5.44009648	2.36588082	1.19977391	0.73383277	9.39535932	5.32810175	4.24124454	9.89665700	5.33544012	6.09675767	2.65915917	3.30811382	4.68850013	4.53973133	0.48515736	4.34519565	8.67637252	8.62633086	4.21467922	5.99832853	8.16608060	5.54496135	7.14848567	8.16365954	8.86474866	4.80548575	9.61995844	6.07580132	6.13193905	6.10423704	6.44884451	6.25906279	7.65502628	9.87981525	5.71290992	6.30153179	8.61159343	4.52437803	0.00000000	3.20383698	4.05703089	5.12394037	0.62775374	9.68188922	6.21355603	7.36876940	7.37003818	6.65624321	7.63972709	7.62357756	7.43956768	4.66331739	8.53475546	6.28048891	5.58838443	6.76841272	9.25081063
4.71447808	1.55173465	3.12188937	2.47021292	8.67002845	2.77256101	3.51560390	9.17116413	4.60978946	3.01687803	1.25982820	2.58241934	3.96297033	1.33607074	3.47560345	1.94895415	7.95105982	7.90081029	3.48911753	2.79488587	7.44040124	4.86035682	6.60267932	7.43816986	8.13905842	4.38005844	8.89447993	5.95350915	3.38749285	5.37870250	3.24542044	5.53325241	6.92922882	9.15440518	4.98723713	4.52100149	7.88618806	4.28277393	3.20413160	0.00000000	3.33127628	2.21552267	3.12721679	8.95631592	5.48780795	6.64303139	6.64440264	5.93086703	6.91413229	6.89817543	6.71383551	3.93788450	7.80941024	5.55483041	4.86300045	4.70412024	8.52534677
1.38287724	1.77953366	2.85690382	3.64469611	5.33774255	4.69671769	1.33565634	5.83926418	1.27826549	5.46526860	4.59064662	1.55078352	2.36646828	3.90861102	3.57140960	3.71399887	4.61873062	4.56897635	2.41509793	5.36690691	4.10894565	2.28738888	4.02968658	4.10626231	4.80762874	1.80704420	5.56254578	3.38044075	5.50040792	2.04690185	5.81739719	2.94578586	4.16936860	5.82230796	1.65576588	5.66986558	4.55407964	1.70972684	4.05654480	3.33114079	0.00000000	4.49263522	3.42886412	5.62460761	2.15651610	3.31171555	3.31284263	2.59868908	3.58247521	3.56605929	3.38250574	3.68397556	4.47715851	2.22332512	3.41105078	6.13667913	5.19337770
4.05952176	2.75828556	5.04224225	4.39056459	6.45448549	0.55703155	3.15729407	6.95564045	4.38510722	0.97293450	3.47529783	2.94228877	2.12623122	1.19870304	5.39594679	0.77881377	5.73551470	5.94090498	2.07767376	0.87446238	7.59856469	6.78073300	8.52305426	5.22264580	8.44223820	6.30043230	6.67895454	7.87388030	1.17195074	3.60521702	1.32499474	7.43912052	8.66267400	6.93887165	5.05771247	2.30544776	5.67065397	6.20314614	5.12447302	2.21548575	4.49320841	0.00000000	5.04756451	7.69969094	6.56256046	7.58347536	6.21799027	3.71532946	5.94435849	4.68264095	7.57632588	1.72235369	5.59386899	5.43475401	2.64746382	2.48856071	6.30981964
4.81224606	2.28895318	0.57201054	0.65696343	8.76744499	5.25110439	3.61339906	9.26877867	4.70759687	6.01974343	2.58227350	2.68028031	4.06063002	4.46277637	0.34834167	4.26822840	8.04845415	7.99845869	3.58681619	5.92132513	7.53824373	4.91715454	6.52068117	7.53578050	8.23691420	4.17768326	8.99207692	5.44800388	6.05491805	5.47636798	6.37183699	5.63125505	7.02721566	9.25191852	5.08507159	6.22448907	7.98369565	3.89657860	0.62774200	3.12692123	3.42921075	5.04695570	0.00000000	9.05402877	5.58573444	6.74094557	6.74219157	6.02833895	7.01187142	6.99567907	6.81174254	4.23837553	7.90684431	5.65264740	4.96048191	6.69135917	8.62292585
4.24156947	7.40348259	8.47995374	9.26770962	3.51821563	7.90315070	5.44031134	0.85746232	4.34606617	8.67143072	10.21392210	6.37317556	5.57320614	7.93914461	9.19417381	7.00732320	4.47949488	1.75847855	5.62194951	8.57324300	1.51528363	4.13573367	2.53215784	2.63296048	0.81656176	4.87511309	1.32550685	3.60468503	8.70646152	4.09424799	9.02366700	3.42165291	2.02575340	1.97808619	3.96848685	8.87557070	3.30895750	5.15615259	9.67925187	8.95489884	5.62396087	7.69927179	9.05175964	0.00000000	3.46746808	2.31230454	2.31154297	5.65327643	2.04205569	4.34013605	2.24153520	6.89036776	4.18763966	3.40097857	6.61726855	9.34221043	1.89007331
2.50252388	3.93603290	5.01297299	5.80074786	3.18051458	6.76556624	3.40483986	3.68231260	2.17706649	7.53398756	6.74682369	3.62005892	4.43546268	5.97778505	5.72734209	5.78307853	3.34215529	2.41207203	4.48414673	7.43570910	1.95231230	0.66838930	1.96018853	1.94930529	2.65101394	1.40780486	3.40556971	1.31088852	7.56907496	2.95649570	7.88616767	0.87631270	2.09991749	3.66521510	1.50454908	7.73836591	2.39697877	1.68887001	6.21244996	5.48754872	2.15650495	6.56158116	5.58485943	3.46779326	0.00000000	1.15518227	1.15613449	4.51581873	1.42569756	3.20263010	1.22596249	5.75280459	3.05023958	1.12745083	5.47979637	8.20509631	3.03637661
3.52337362	5.09119763	6.16791618	6.95568208	3.40143926	7.78626298	4.42570915	2.52691486	3.19794458	8.55461754	7.90182246	4.64097553	5.45623454	6.99864945	6.88221488	6.80389433	4.36273634	1.64151601	5.50494662	8.45638195	0.79707848	1.82350427	0.93915723	2.51602826	1.49578968	2.56290276	2.25015935	1.29249701	8.58967820	3.97727173	8.90682419	1.10941940	1.07891036	2.50974459	2.52544662	8.75888328	3.19210802	2.84395579	7.36730866	6.64266641	3.31167262	7.58232806	6.73976457	2.31246622	1.15517342	0.00000000	1.36498819	5.53645558	1.63842244	4.22328975	0.07077508	6.77349127	4.07084921	2.14833581	6.50044007	9.22557084	1.88095337
2.15839488	5.09212724	6.16898466	6.95675619	2.03661894	6.42138015	3.12877619	2.52613132	2.03454638	7.18977656	7.90285611	4.06172293	4.09130461	5.63366151	6.88332750	5.43893686	2.99792604	1.25589984	4.13999912	7.09151409	1.38038605	1.82446507	2.30424979	1.15112044	2.22401283	2.56387427	2.24938372	1.65493937	7.22485399	2.61233919	7.54196658	1.22037874	2.44398777	2.50900667	1.65700097	7.39411290	1.82724666	2.84493490	7.36843011	6.64362551	3.31260039	6.21741378	6.74085691	2.31163836	1.15609758	1.36504465	0.00000000	4.17161030	0.27345670	2.85843018	1.35792029	5.40861474	2.70602099	1.08947080	5.13559049	7.86082732	1.88018582
2.01369331	4.37819938	5.45555408	6.24334574	2.73905069	3.15813950	2.41461685	4.79622311	2.33920378	3.01818168	7.18930076	3.34766983	1.96752130	4.91343063	6.17005494	3.98141535	2.02003765	3.89530399	2.44129618	3.46604004	5.55259452	4.73444849	6.47674555	3.02071376	6.39624275	4.25410262	4.32812826	5.82749777	3.05331914	1.55958354	3.66871821	5.39284573	6.61642926	3.67530899	3.01175759	3.22277083	2.34442121	4.15678441	6.65518916	5.92980323	2.59866592	3.71503837	6.02751173	5.65396737	4.51643053	5.53736883	4.17212200	0.00000000	3.89858492	1.31323130	5.53023294	1.99284397	1.87846753	3.38883234	1.06784753	3.68958141	3.76351042
2.19954999	5.36167721	6.43853503	7.22630657	1.76316266	6.14792369	3.39832598	2.25658177	2.30409618	6.91632022	8.17240637	4.33127280	3.81784802	5.89715071	7.15287798	5.16548019	2.72446979	0.98635025	3.86654247	6.81805768	1.65384288	2.09401513	2.57770685	0.87766391	2.49746968	2.83342435	1.97983420	1.92839648	6.95139770	2.33888259	7.26851019	1.49383578	2.71744479	2.23945726	1.92655080	7.12065677	1.55379026	3.11448500	7.63798062	6.91317556	3.58215035	5.94395723	7.01040734	2.04208868	1.42564754	1.63850158	0.27345676	3.89815395	0.00000000	2.58497378	1.63137721	5.13515830	2.43256469	1.35902061	4.86213412	7.58737126	1.61063632
2.18296969	5.34524354	6.42236616	7.21014842	1.77161329	4.12547244	3.38176904	3.48290826	2.28754976	4.33138190	8.15617107	4.31477243	2.93477555	5.88058793	7.13679327	4.94862357	1.05258352	2.58196364	3.40852106	4.43339799	4.23910795	3.42083743	5.16312491	1.70740185	5.08274617	2.94047366	3.01482663	4.51384789	4.36649135	1.51902742	4.68354014	4.07923851	5.30283394	2.36207038	1.91002764	4.53585308	1.03118692	3.09814570	7.62191274	6.89679811	3.56571316	4.68231876	6.99428395	4.34057847	3.20288069	4.22382826	2.85867578	1.31320742	2.58517622	0.00000000	4.21669775	2.96018744	0.91104334	2.07536498	2.27717941	5.00261878	2.45022228
3.51624956	5.16197205	6.23868412	7.02644975	3.39430780	7.77913444	4.41858566	2.45613363	3.19082135	8.54748705	7.97259203	4.63385342	5.44910820	6.99152582	6.95298076	6.79676927	4.35560442	1.63438943	5.49782109	8.44925271	0.72630204	1.89427724	0.94627598	2.50890089	1.42501351	2.63367522	2.17937775	1.36326889	8.58254693	3.97014551	8.89969447	1.18019248	1.08602983	2.43896123	2.51832396	8.75174949	3.18497848	2.91472790	7.43807413	6.71343945	3.38244713	7.57520099	6.81053140	2.24168705	1.22594809	0.07077493	1.35786456	5.52932529	1.63129777	4.21616013	0.00000000	6.76636243	4.06371812	2.14121278	6.49330997	9.21843580	1.81017139
3.25082773	2.38577918	4.23314830	4.25126744	4.73202764	1.16531045	2.34857733	6.03319387	3.57638025	1.78137319	5.19712671	2.13351705	1.31762768	2.92085024	4.58677102	1.98876286	4.01303829	5.13231087	1.26903765	1.68295089	6.78980840	5.97183863	7.71414927	4.25768037	7.63347081	5.49151810	5.56508031	7.06494288	1.81655032	2.79660864	2.13346427	6.63023043	7.85379711	5.21649466	4.24896291	1.98612937	3.94827218	5.39421786	4.66322286	3.93745280	3.68437528	1.72228372	4.23842635	6.89104299	5.75373400	6.77465918	5.40927875	1.99291788	5.13568857	2.96025586	6.76751567	0.00000000	3.87142578	4.62601903	0.92506019	2.45300348	5.00044336
3.09389571	6.25610963	7.33312402	8.12090190	0.86056380	5.03647322	4.29268551	3.33049557	3.19846194	4.79244435	9.06695608	5.22566579	3.84573962	6.79150680	8.04751673	5.85956619	0.29192530	2.42953905	4.31947144	5.34441044	4.08661517	3.26828658	5.01056960	1.55499053	4.93024872	3.72790401	2.86242010	4.36127895	4.51883752	2.42998946	5.54711371	3.92668946	5.15029045	2.20969324	2.82093031	4.68815730	0.87881180	4.00897322	8.53262932	7.80764123	4.47658070	5.59329503	7.90502322	4.18813124	3.05035840	4.07131030	2.70620182	1.87842572	2.43271975	0.91101890	4.06418230	3.87119313	0.00000000	2.25339124	2.94626273	5.15490208	2.29782205
1.37509024	4.00273168	5.07977973	5.86755898	3.11399877	5.63820717	2.27739669	3.61572740	1.04961902	6.40666102	6.81360335	2.97227935	3.30806698	4.85034426	5.79418315	4.65566143	2.39496361	2.34547496	3.35673738	6.30836166	2.16373680	1.34542627	3.08771068	1.88272145	3.00737180	1.47453621	3.33899065	2.43842427	6.44176146	1.82909798	6.75882820	2.00382859	3.22742785	3.59866537	0.56754098	6.61109427	2.33043105	1.75560726	6.27929788	5.55427042	2.22320229	5.43419763	5.65168472	3.40117360	1.12748920	2.14843976	1.08948817	3.38848885	1.35906869	2.07528911	2.14131098	4.62545041	2.25343305	0.00000000	4.35246315	7.07784555	2.96980384
2.97785039	3.31065856	4.38821998	5.17602002	3.80694178	2.09034146	2.07558923	5.76027722	3.30338731	2.05422966	6.12191480	2.28007695	1.04469317	3.84578903	5.10278654	2.91372839	3.08794364	4.85938082	1.37359439	2.39821971	6.51680159	5.69876645	7.44107205	3.98476526	7.36045874	5.21843651	5.29217060	6.79185031	2.08939207	2.52367184	2.60088264	6.35716026	7.58073319	4.63929520	3.97595927	2.25892389	3.30840356	5.12112962	5.58793390	4.86230631	3.41133207	2.64728714	4.96021313	6.61808745	5.48069396	6.50162401	5.13629312	1.06785392	4.86272264	2.27721100	6.49448332	0.92503654	2.94634685	4.35302230	0.00000000	2.72577444	4.72754074
5.70412181	4.40283809	6.68670892	6.03502778	5.82475991	1.93144309	4.80188655	8.48640250	6.02969628	1.68716096	5.96360135	4.58686291	3.77086145	3.68711273	7.04038616	2.75498771	4.86338089	7.58553835	3.72229312	2.23928971	9.24314398	8.42526624	10.16758395	6.71088683	10.08681379	7.94495893	8.01827917	9.51839918	1.31656012	5.24984563	2.44193100	9.08365519	10.30721307	7.36532409	6.70229401	0.46690729	6.03442698	7.84766807	6.76890694	4.70383536	6.13776207	2.48845521	6.69201643	9.34430636	8.20711635	9.22803467	7.86258449	3.68994787	7.58896658	5.00323065	9.22088719	2.45316780	5.15541462	7.07934041	2.72599852	0.00000000	7.45363224
3.81009418	6.97213820	8.04884575	8.83661121	1.62826705	6.01309570	5.00885691	1.03263820	3.91462113	6.78144696	9.78275480	5.94177163	4.56204595	7.50768496	8.76314095	6.57581167	2.58956334	0.62425226	5.03573895	6.68321349	1.78853076	3.70444237	2.71230793	1.08704750	2.63215108	4.44384001	0.56458021	3.17343327	6.81650630	3.14629002	7.13365492	2.99035769	2.85206227	0.62878888	3.53706257	6.98570713	1.41893905	4.72489245	9.24823403	8.52360465	5.19261334	6.30963593	8.62069225	1.89017596	3.03611442	1.88094144	1.88008375	3.76328534	1.61055826	2.45012064	1.81016661	5.00032349	2.29767762	2.96954089	4.72727016	7.45239257	0.00000000

DEMAND_SECTION
0 0
1 1
2 1
3 1
4 1
5 1
6 1
7 1
8 1
9 1
10 1
11 1
12 1
13 1
14 1
15 1
16 1
17 1
18 1
19 1
20 1
21 1
22 1
23 1
24 1
25 1
26 1
27 1
28 1
29 1
30 1
31 1
32 1
33 1
34 1
35 1
36 1
37 1
38 1
39 1
40 1
41 1
42 1
43 1
44 1
45 1
46 1
47 1
48 1
49 1
50 1
51 1
52 1
53 1
54 1
55 1
56 1

LOGISTIC_LOAD_SECTION
0	0
1	0
2	0
3	0
4	0
5	0
6	0
7	0
8	0
9	0
10	0
11	0
12	0
13	0
14	0
15	0
16	0
17	0
18	0
19	0
20	0
21	0
22	0
23	0
24	0
25	0
26	0
27	0
28	0
29	0
30	0
31	0
32	0
33	0
34	0
35	0
36	0
37	0
38	0
39	0
40	0
41	0
42	0
43	0
44	0
45	0
46	0
47	0
48	0
49	0
50	0
51	0
52	0
53	0
54	0
55	0
56	0

AVAILABILITY_LANDING_SPOT_SECTION
0	1
1	1
2	1
3	1
4	1
5	1
6	1
7	1
8	1
9	1
10	1
11	1
12	1
13	1
14	1
15	1
16	1
17	1
18	1
19	1
20	1
21	1
22	1
23	1
24	1
25	1
26	1
27	1
28	1
29	1
30	1
31	1
32	1
33	1
34	1
35	1
36	1
37	1
38	1
39	1
40	1
41	1
42	1
43	1
44	1
45	1
46	1
47	1
48	1
49	1
50	1
51	1
52	1
53	1
54	1
55	1
56	1

CUSTOMER_DRONE_PREFERENCE_SECTION
0	1
1	1
2	1
3	1
4	1
5	1
6	1
7	1
8	1
9	1
10	1
11	1
12	1
13	1
14	1
15	1
16	1
17	1
18	1
19	1
20	1
21	1
22	1
23	1
24	1
25	1
26	1
27	1
28	1
29	1
30	1
31	1
32	1
33	1
34	1
35	1
36	1
37	1
38	1
39	1
40	1
41	1
42	1
43	1
44	1
45	1
46	1
47	1
48	1
49	1
50	1
51	1
52	1
53	1
54	1
55	1
56	1

PRICE_SECTION
0	3
1	3
2	3
3	3
4	3
5	3
6	3
7	3
8	3
9	3
10	3
11	3
12	3
13	3
14	3
15	3
16	3
17	3
18	3
19	3
20	3
21	3
22	3
23	3
24	3
25	3
26	3
27	3
28	3
29	3
30	3
31	3
32	3
33	3
34	3
35	3
36	3
37	3
38	3
39	3
40	3
41	3
42	3
43	3
44	3
45	3
46	3
47	3
48	3
49	3
50	3
51	3
52	3
53	3
54	3
55	3
56	3

PRIORITY_DELIVERY_TIME_SECTION
0	0
1	0
2	0
3	0
4	0
5	0
6	0
7	0
8	0
9	0
10	0
11	0
12	0
13	0
14	0
15	0
16	0
17	0
18	0
19	0
20	0
21	0
22	0
23	0
24	0
25	0
26	0
27	0
28	0
29	0
30	0
31	0
32	0
33	0
34	0
35	0
36	0
37	0
38	0
39	0
40	0
41	0
42	0
43	0
44	0
45	0
46	0
47	0
48	0
49	0
50	0
51	0
52	0
53	0
54	0
55	0
56	0

EOF
