NAME: multi_modal_data
TYPE: MM

VEHICLES: 2
DIMENSION: 55

NUM_T: 2
NUM_D: 1

MAXIMUM_SYSTEM_DURATION: 300
UNIT: MIN

SERVICETIME: 5
UNIT: MIN

TAKEOFF_LANDING_TIME: 2
UNIT: MIN

MAX_WAITING_TIME: 99999999
UNIT: MIN

INIT_SOC: 100
MAX_SOC: 100
MIN_SOC_T: 3
MIN_SOC_D: 3
UNIT: %

DEMAND_T: 28
DEMAND_D: 0
UNIT: EA

MASS_T: 1940
MASS_D: 15
UNIT: KG

LIFT_TO_DRAG: 3
POWER_MOTOR_PROP: 0.5
UNIT: RATIO

POWER_ELEC: 0.1
UNIT: KW

CARGO_LIMIT_TRUCK: 99999999999999
UNIT: KG

CARGO_LIMIT_DRONE: 6
UNIT: KG

BATTERY_KWH_T: 100
BATTERY_KWH_D: 0.3
UNIT: KWH 

ENERGY_KWH/KM_T: 1.0
ENERGY_KWH/KM_D: 0.1
UNIT: KWH/KM

CHARGING_KW_D: 0.5
CHARGING_KW_T: 80
UNIT: KW 

LOSISTIC_KWH/KG_T: 0.001
LOSISTIC_KWH/KG_D: 0.001
UNIT: KWH/KG

SPEED_T: 0.3
SPEED_D: 1.0
UNIT: KM/MIN

ALTITUDE: 100
UNIT: M

CURVY_AIR: 1.0
UNIT: RATIO

CURVY_ROAD: 1.0
UNIT: RATIO

DEPOT_SECTION
0

EDGE_KM_D_TYPE: EUC_2D(haversine)
EDGE_KM_T_TYPE: MAN_2D(haversine)
EDGE_KM_D_FORMAT : FULL_MATRIX
EDGE_KM_T_FORMAT : FULL_MATRIX

NODE_COORD_SECTION
0	37.55067682	127.14658930
1	37.53114956	127.12925845
2	37.55738735	127.15040639
3	37.54677484	127.14751443
4	37.55097074	127.15030422
5	37.54224371	127.12386804
6	37.54525979	127.13737829
7	37.54144132	127.12238117
8	37.56434512	127.16593843
9	37.54991832	127.15896671
10	37.55873376	127.16216508
11	37.57389775	127.16955182
12	37.56782886	127.16864441
13	37.53734992	127.12655550
14	37.55117442	127.16013875
15	37.52921530	127.13195901
16	37.56339366	127.12821441
17	37.57796701	127.16750379
18	37.55002315	127.12453404
19	37.54243142	127.13451820
20	37.52735125	127.14037571
21	37.56489156	127.16031029
22	37.55154395	127.14378844
23	37.56477935	127.15482246
24	37.54568497	127.17637818
25	37.54742105	127.16223727
26	37.52094616	127.14272936
27	37.54948705	127.18005084
28	37.55620216	127.13545867
29	37.56849401	127.17744263
30	37.55082684	127.13040968
31	37.56111453	127.12332586
32	37.55751637	127.15992608
33	37.57388450	127.16214698
34	37.52779122	127.12356964
35	37.55671559	127.14909381
36	37.54856702	127.11533390
37	37.54946604	127.12903511
38	37.53804264	127.15551775
39	37.53889527	127.14963011
40	37.55205514	127.16167268
41	37.56422277	127.12759926
42	37.56281447	127.13557691
43	37.53724939	127.12548980
44	37.52397482	127.13837130
45	37.55980057	127.17236609
46	37.55305185	127.13751161
47	37.57830288	127.16927575
48	37.52495911	127.14003483
49	37.52898231	127.14177117
50	37.54345490	127.13172582
51	37.52826260	127.12893213
52	37.55537240	127.12169173
53	37.57120885	127.17776870
54	37.57170840	127.17465045

EDGE_KM_D
0.00000000	2.65510678	0.81853920	0.44147914	0.32912258	2.21177320	1.01105794	2.36846655	2.28451969	1.09441706	1.63947099	3.28078542	2.72341444	2.30558585	1.19575687	2.71273734	2.15013766	3.55057976	1.94569432	1.40469039	2.65091798	1.99027324	0.26507333	1.72793001	2.68420763	1.42622157	3.32337654	2.95286041	1.15768966	3.36472827	1.42644398	2.35635047	1.40022050	2.92230708	3.25504858	0.70684659	2.76539244	1.55338382	1.61036270	1.33719938	1.33849833	2.25186413	1.66249387	2.38531404	3.05626996	2.48846265	0.84270109	3.66535979	2.91749475	2.44944242	1.53687389	2.93863176	2.25607699	3.57289184	3.40396762
2.65510678	0.00000000	3.46240463	2.36848269	2.88111869	1.32200942	1.72461511	1.29512729	4.90732277	3.34910969	4.22193102	5.93395475	5.35638388	0.72948274	3.51723539	0.32088791	3.58656680	6.20222335	2.13959012	1.33746868	1.06745574	4.64448049	2.60458976	4.36610992	4.45793570	3.42471508	1.64270066	4.92068362	2.83885379	5.94032289	2.19037024	3.37275918	3.98827426	5.56655700	0.62538398	3.33764238	2.29308929	2.03679732	2.43900757	1.99209550	3.68392451	3.68048653	3.56477386	0.75530138	1.13237261	4.95918541	2.54180892	6.31944625	1.17341232	1.12939932	1.38548125	0.32230251	2.77484928	6.17495213	6.02928481
0.81853920	3.46240463	0.00000000	1.20728337	0.71355181	2.88255150	1.77132486	3.04107445	1.57255265	1.12214885	1.04726526	2.49358823	1.98299033	3.06360762	1.10150820	3.52964678	2.06699815	2.73995766	2.42328409	2.17428897	3.45497096	1.20762741	0.87322839	0.90946528	2.63351068	1.52179512	4.10822831	2.75697328	1.32421390	2.68405259	1.90775379	2.42277703	0.83927444	2.10614854	4.05324194	0.13772022	3.24362559	2.07969571	2.19772985	2.05736622	1.15667363	2.14922168	1.43973583	3.13680975	3.86387028	1.95420842	1.23470146	2.85915167	3.72000449	3.24896218	2.26100189	3.75135722	2.54110366	2.85980780	2.66498070
0.44147914	2.36848269	1.20728337	0.00000000	0.52741881	2.14478803	0.90936902	2.29386179	2.54062055	1.06842573	1.85373303	3.58736217	2.99165705	2.12438636	1.21572335	2.38611611	2.51184816	3.89028256	2.05789227	1.24343116	2.24965987	2.30878380	0.62379359	2.10310778	2.54758041	1.29997235	2.90285068	2.88422384	1.49278064	3.57663301	1.57381603	2.66254434	1.61980760	3.27880304	2.98552315	1.11409616	2.84404597	1.65639396	1.20029541	0.89580521	1.37937279	2.61649260	2.07083181	2.21193597	2.66034703	2.62627940	1.12462771	3.99618727	2.51385531	2.04222231	1.44010108	2.63093503	2.46903464	3.80706662	3.66171475
0.32912258	2.88111869	0.71355181	0.52741881	0.00000000	2.52461360	1.30454555	2.68012646	2.02754063	0.77257719	1.35584909	3.06227962	2.47535588	2.58416696	0.86727474	2.91003553	2.38742042	3.36293419	2.27427176	1.68478539	2.76842144	1.78158294	0.57793339	1.58626264	2.37262917	1.12361296	3.40474076	2.62757554	1.43214960	3.08529616	1.75391204	2.63209080	1.11767116	2.75343860	3.49279707	0.64764862	3.09448316	1.88248414	1.50923877	1.34404733	1.00942716	2.48536710	1.84925371	2.66724460	3.18086764	2.17857686	1.15123664	3.46884060	3.03078510	2.55814279	1.83878460	3.15066406	2.56935697	3.30525601	3.15000739
2.21177320	1.32200942	2.88255150	2.14478803	2.52461360	0.00000000	1.23744802	0.15857541	4.44903222	3.20990460	3.84195447	5.34837601	4.86553976	0.59351754	3.34833875	1.61483211	2.38277766	5.52928057	0.86702586	0.93922403	2.20475359	4.08194254	2.03807067	3.70477492	4.64534457	3.43142157	2.89386835	5.01828732	1.85826702	5.55191221	1.11512052	2.09888686	3.60400359	4.87481640	1.60726107	2.74501534	1.02979711	0.92329219	2.82936950	2.30173046	3.50692116	2.46599828	2.50947634	0.57345688	2.40044302	4.70005361	1.70033607	5.66541061	2.39292990	2.16019704	0.70576131	1.61748653	1.47239950	5.74009163	5.54733579
1.01105794	1.72461511	1.77132486	0.90936902	1.30454555	1.23744802	0.00000000	1.38873325	3.29275158	1.97248428	2.64940501	4.26417862	3.72747815	1.29774254	2.11159432	1.84695036	2.17219503	4.50310872	1.25011064	0.40310756	2.00880435	2.97518997	0.89868418	2.66000256	3.43868181	2.20475919	2.74442311	3.79130569	1.22844958	4.37575870	0.87213923	2.15467715	2.41007954	3.85975563	2.29247664	1.63991366	1.97795406	0.87165313	1.78936723	1.29139308	2.27116044	2.27799692	1.95844178	1.37552665	2.36840317	3.48244688	0.86651837	4.62653943	2.26945695	1.85095722	0.53724147	2.03143683	1.78236240	4.58274945	4.40947442
2.36846655	1.29512729	3.04107445	2.29386179	2.68012646	0.15857541	1.38873325	0.00000000	4.60759636	3.36040001	3.99977146	5.50582597	5.02405841	0.58518077	3.50031141	1.60043548	2.49456917	5.68465352	0.97295033	1.07573938	2.22986283	4.24017062	2.19633257	3.86174470	4.78400206	3.57624803	2.90055137	5.16245675	2.00578143	5.71034044	1.26101182	2.18914919	3.76171473	5.03005101	1.52143709	2.90352793	1.00689539	1.06787354	2.94599297	2.41914858	3.65953995	2.57461207	2.64601280	0.54073511	2.40003080	4.85644377	1.85636826	5.82123987	2.40460569	2.20055076	0.85377030	1.57514620	1.55025956	5.89866685	5.70581940
2.28451969	4.90732277	1.57255265	2.54062055	2.02754063	4.44903222	3.29275158	4.60759636	0.00000000	1.71787606	0.70706596	1.10892001	0.45490952	4.58958869	1.55118268	4.92270275	3.32673340	1.52095784	3.98208386	3.68908603	4.69044282	0.49977488	2.41626839	0.98095795	2.26984680	1.90994507	5.24166642	2.06812143	2.83513621	1.11398042	3.47387454	3.77313097	0.92597309	1.11212279	5.52031187	1.71005394	4.79341526	3.64957855	3.06558732	3.17415033	1.41737212	3.37927905	2.68152644	4.66827134	5.10470479	0.75917524	2.80280816	1.57965860	4.93921922	4.47230914	3.80680761	5.17126895	4.02577241	1.29216195	1.12247901
1.09441706	3.34910969	1.12214885	1.06842573	0.77257719	3.20990460	1.97248428	3.36040001	1.71787606	0.00000000	1.01997618	2.82492043	2.16657467	3.18099187	0.17373633	3.31210107	3.09737016	3.20836507	3.03553560	2.31062463	2.99729477	1.66915864	1.35022636	1.69237225	1.60555923	0.40030278	3.52538094	1.85935781	2.18696093	2.63034682	2.51954105	3.37946399	0.84908885	2.67962497	3.97420601	1.15271515	3.84954887	2.63919674	1.35507523	1.47646472	0.33669211	3.18987897	2.51145839	3.27045814	3.40877387	1.61328400	1.92322565	3.28441674	3.23867214	2.77815952	2.50683869	3.57929139	3.34146366	2.88985558	2.78959486
1.63947099	4.22193102	1.04726526	1.85373303	1.35584909	3.84195447	2.64940501	3.99977146	0.70706596	1.01997618	0.00000000	1.80748886	1.16144172	3.93818865	0.85933075	4.22678833	3.03710253	2.18979389	3.45578871	3.03748507	3.98343273	0.70396495	1.80647194	0.93315841	1.91708078	1.25793332	4.53780402	1.88231321	2.37091555	1.72949862	2.93413384	3.43374722	0.23932547	1.68468895	4.83912939	1.17386600	4.28032246	3.09698943	2.37421215	2.46725941	0.74389708	3.10731316	2.38714018	4.02011842	4.39765685	0.90697913	2.26320183	2.26444059	4.23218628	3.76526336	3.17602307	4.47940857	3.58723184	1.95338245	1.81450817
3.28078542	5.93395475	2.49358823	3.58736217	3.06227962	5.34837601	4.26417862	5.50582597	1.10892001	2.82492043	1.80748886	0.00000000	0.67955335	5.55707259	2.65945909	5.97231091	3.82595307	0.48715013	4.77419549	4.66679635	5.77961206	1.29085363	3.36677360	1.64720630	3.19430859	3.01385031	6.34506191	2.86777054	3.59187424	0.91906497	4.29935231	4.31506410	2.00941782	0.65258702	6.53577243	2.62710650	5.54729925	4.48716202	4.17443717	4.26993866	2.52613128	3.85083020	3.23811200	5.62965364	6.19449847	1.58704094	3.65354773	0.49043189	6.03189908	5.56251546	4.75144560	6.21066672	4.69450009	0.78346035	0.51105558
2.72341444	5.35638388	1.98299033	2.99165705	2.47535588	4.86553976	3.72747815	5.02405841	0.45490952	2.16657467	1.16144172	0.67955335	0.00000000	5.02520419	1.99790365	5.37542425	3.59744115	1.13178584	4.36328076	4.12615586	5.14482327	0.80389657	2.84241618	1.26455864	2.55492471	2.33847466	5.69183064	2.27388790	3.19807737	0.77896321	3.86430685	4.06358608	1.38037820	0.88392630	5.96752783	2.12053421	5.16431087	4.04468938	3.50840889	3.62773173	1.85850041	3.63982898	2.96741614	5.10240754	5.55897170	0.95106854	3.19853182	1.16598751	5.39307768	4.92659039	4.23518187	5.62259195	4.36423370	0.88765996	0.68285708
2.30558585	0.72948274	3.06360762	2.12438636	2.58416696	0.59351754	1.29774254	0.58518077	4.58958869	3.18099187	3.93818865	5.55707259	5.02520419	0.00000000	3.33612116	1.02234773	2.89962637	5.78159716	1.42042643	0.90120503	1.64960914	4.27009421	2.19075853	3.93856219	4.48947056	3.33932499	2.31543401	4.90574289	2.23840861	5.66713182	1.53661037	2.65780281	3.69914293	5.13294441	1.09500457	2.93005013	1.59203302	1.36487468	2.55483309	2.04177640	3.50134244	2.98954555	2.94110358	0.09462851	1.81590375	4.74791050	1.99535923	5.90910559	1.81964738	1.63273657	0.81770478	1.03196771	2.04937334	5.87846285	5.70711429
1.19575687	3.51723539	1.10150820	1.21572335	0.86727474	3.34833875	2.11159432	3.50031141	1.55118268	0.17373633	0.85933075	2.65945909	1.99790365	3.33612116	0.00000000	3.48357976	3.12495058	3.04910894	3.14142043	2.45908193	3.17075345	1.52535336	1.44196828	1.58372150	1.55635853	0.45652205	3.69517435	1.76539885	2.24631705	2.45669795	2.62110141	3.42814868	0.70544253	2.53144537	4.14206247	1.15222770	3.96053362	2.74859139	1.51596049	1.65004046	0.16696232	3.21440213	2.52249530	3.42482457	3.58204586	1.44284892	2.00559885	3.12220240	3.41166011	2.95160604	2.64790403	3.74985010	3.42125275	2.71618288	2.61715739
2.71273734	0.32088791	3.52964678	2.38611611	2.91003553	1.61483211	1.84695036	1.60043548	4.92270275	3.31210107	4.22678833	5.97231091	5.37542425	1.02234773	3.48357976	0.00000000	3.81477677	6.26138241	2.40456397	1.48679140	0.77061369	4.68878701	2.69301068	4.43862438	4.32357102	3.35042917	1.32196679	4.80218955	3.01662737	5.92911709	2.40697617	3.62778040	3.99788586	5.63500731	0.75655951	3.41071478	2.60365790	2.26649115	2.29756685	1.89380224	3.64875841	3.91158820	3.74965251	1.05994232	0.81198257	4.92518994	2.69534043	6.37294775	0.85508096	0.86564955	1.58350687	0.28717296	3.04615437	6.17359482	6.04071641
2.15013766	3.58656680	2.06699815	2.51184816	2.38742042	2.38277766	2.17219503	2.49456917	3.32673340	3.09737016	3.03710253	3.82595307	3.59744115	2.89962637	3.12495058	3.81477677	0.00000000	3.82312918	1.52172013	2.39622517	4.14867959	2.83386691	1.90284637	2.35032194	4.68015929	3.48560431	4.89036813	4.82395665	1.02333116	4.37583509	1.41070381	0.49989446	2.87062242	3.21012995	3.97993878	1.98459366	2.00180884	1.55037223	3.70672457	3.31436505	3.20748889	0.10695496	0.65213619	2.91701992	4.47371975	3.91216829	1.41210281	3.98052909	4.39896088	4.00869387	2.23859631	3.90691330	1.06117877	4.45320094	4.19586900
3.55057976	6.20222335	2.73995766	3.89028256	3.36293419	5.52928057	4.50310872	5.68465352	1.52095784	3.20836507	2.18979389	0.48715013	1.13178584	5.78159716	3.04910894	6.26138241	3.82312918	0.00000000	4.89890824	4.90583604	6.11522922	1.58613765	3.60580001	1.84376123	3.67384499	3.42813523	6.70606870	3.35438140	3.71944043	1.36995416	4.44939466	4.32108329	2.37005964	0.65493154	6.79180910	2.86650999	5.64200579	4.64116687	4.56338929	4.62144028	2.92675306	3.83461640	3.27971419	5.84935604	6.52991480	2.06497567	3.82928636	0.16055684	6.37226380	5.90034184	4.96714669	6.48908290	4.75562369	1.17604321	0.93861188
1.94569432	2.13959012	2.42328409	2.05789227	2.27427176	0.86702586	1.25011064	0.97295033	3.98208386	3.03553560	3.45578871	4.77419549	4.36328076	1.42042643	3.14142043	2.40456397	1.52172013	4.89890824	0.00000000	1.21959475	2.88209228	3.56073702	1.70581218	3.13378931	4.59598698	3.33646367	3.60939293	4.89462298	1.18302262	5.09595511	0.52563421	1.23789707	3.22927278	4.24633192	2.47354311	2.28936262	0.82707546	0.40161327	3.03920176	2.53507163	3.28180616	1.60188042	1.72354214	1.42287642	3.14292622	4.35440441	1.19259079	5.04382412	3.10408649	2.78992987	0.96717550	2.45054255	0.64543057	5.25052673	5.03276767
1.40469039	1.33746868	2.17428897	1.24343116	1.68478539	0.93922403	0.40310756	1.07573938	3.68908603	2.31062463	3.03748507	4.66679635	4.12615586	0.90120503	2.45908193	1.48679140	2.39622517	4.90583604	1.21959475	0.00000000	1.75458196	3.37740163	1.30178932	3.06248978	3.70827120	2.50601012	2.49636633	4.09022659	1.53348157	4.76614152	1.00133748	2.29986915	2.79834885	4.26184387	1.89264505	2.04301653	1.82376684	0.91953173	1.91475158	1.38920827	2.62225636	2.49867689	2.26841508	0.98269735	2.08021648	3.85521300	1.21006695	5.02955025	2.00280605	1.62648207	0.27122502	1.65070247	1.83010552	4.97742381	4.80758531
2.65091798	1.06745574	3.45497096	2.24965987	2.76842144	2.20475359	2.00880435	2.22986283	4.69044282	2.99729477	3.98343273	5.77961206	5.14482327	1.64960914	3.17075345	0.77061369	4.14867959	6.11522922	2.88209228	1.75458196	0.00000000	4.52918405	2.70688590	4.35235183	3.77269980	2.94888846	0.74184435	4.27738090	3.23723919	5.62211592	2.75430018	4.04406297	3.77118938	5.51876306	1.48284073	3.35442378	3.23117940	2.65457916	1.78775675	1.52106465	3.32741715	4.25185098	3.96596647	1.71299483	0.41497189	4.57974537	2.86891622	6.21202918	0.26768712	0.21917186	1.94631341	1.01421776	3.52448513	5.88640096	5.78425991
1.99027324	4.64448049	1.20762741	2.30878380	1.78158294	4.08194254	2.97518997	4.24017062	0.49977488	1.66915864	0.70396495	1.29085363	0.80389657	4.27009421	1.52535336	4.68878701	2.83386691	1.58613765	3.56073702	3.37740163	4.52918405	0.00000000	2.07938278	0.48386026	2.56268336	1.95004717	5.12646553	2.44173180	2.39418378	1.56224151	3.06476188	3.28684299	0.82078397	1.01298831	5.24506735	1.34312994	4.36045308	3.24691989	3.01521518	3.04012666	1.43239044	2.88413039	2.19223772	4.34399126	4.94382637	1.20401891	2.40247334	1.68766832	4.78660383	4.31449850	3.46860339	4.92359116	3.56483695	1.69148116	1.47376163
0.26507333	2.60458976	0.87322839	0.62379359	0.57793339	2.03807067	0.89868418	2.19633257	2.41626839	1.35022636	1.80647194	3.36677360	2.84241618	2.19075853	1.44196828	2.69301068	1.90284637	3.60580001	1.70581218	1.30178932	2.70688590	2.07938278	0.00000000	1.76406967	2.94603525	1.68979849	3.40360570	3.20496607	0.89860137	3.51459222	1.18211632	2.09431638	1.56995277	2.96471526	3.18651284	0.74123093	2.53023593	1.32097695	1.82296774	1.49780139	1.57762362	2.00601015	1.44724588	2.26476656	3.10253904	2.68123796	0.57818085	3.72826212	2.97457285	2.51504116	1.39282400	2.90129617	1.99388315	3.70842849	3.52526080
1.72793001	4.36610992	0.90946528	2.10310778	1.58626264	3.70477492	2.66000256	3.86174470	0.98095795	1.69237225	0.93315841	1.64720630	1.26455864	3.93856219	1.58372150	4.43862438	2.35032194	1.84376123	3.13378931	3.06248978	4.35235183	0.48386026	1.76406967	0.00000000	2.84932372	2.03782403	4.98928986	2.79947218	1.95522188	2.03603978	2.65290427	2.80594003	0.92444668	1.20074249	4.95052687	1.02905778	3.92002721	2.84017211	2.97362287	2.91435312	1.53833378	2.40027014	1.71034523	4.00719893	4.76344823	1.64246880	2.00721391	1.97074545	4.61576305	4.14342327	3.12536630	4.65806012	3.10201757	2.14505018	1.90987407
2.68420763	4.45793570	2.63351068	2.54758041	2.37262917	4.64534457	3.43868181	4.78400206	2.26984680	1.60555923	1.91708078	3.19430859	2.55492471	4.48947056	1.55635853	4.32357102	4.68015929	3.67384499	4.59598698	3.70827120	3.77269980	2.56268336	2.94603525	2.84932372	0.00000000	1.26154834	4.04606079	0.53251628	3.79216083	2.53798865	4.09271411	4.98154064	1.95813854	3.37726051	5.06361388	2.69997489	5.39127514	4.19492293	2.02604174	2.47619920	1.47731280	4.76850812	4.06995657	4.58372558	4.13023292	1.60894149	3.52298282	3.68058351	3.94722649	3.57217458	3.94454621	4.61026227	4.93988466	2.84077549	2.89768295
1.42622157	3.42471508	1.52179512	1.29997235	1.12361296	3.43142157	2.20475919	3.57624803	1.90994507	0.40030278	1.25793332	3.01385031	2.33847466	3.33932499	0.45652205	3.35042917	3.48560431	3.42813523	3.33646367	2.50601012	2.94888846	1.95004717	1.68979849	2.03782403	1.26154834	0.00000000	3.40958988	1.58715321	2.55464933	2.69946527	2.83132701	3.75291738	1.14088957	2.94261617	4.04827404	1.55262510	4.13697552	2.93591204	1.19936790	1.46090153	0.51768579	3.57959813	2.90741633	3.43165831	3.35043303	1.64076934	2.26789651	3.48949862	3.17345428	2.73131179	2.72590089	3.62792568	3.68206986	2.97838345	2.91387190
3.32337654	1.64270066	4.10822831	2.90285068	3.40474076	2.89386835	2.74442311	2.90055137	5.24166642	3.52538094	4.53780402	6.34506191	5.69183064	2.31543401	3.69517435	1.32196679	4.89036813	6.70606870	3.60939293	2.49636633	0.74184435	5.12646553	3.40360570	4.98928986	4.04606079	3.40958988	0.00000000	4.57180253	3.97236391	6.10898849	3.49565185	4.78294997	4.33991226	6.13035147	1.85318247	4.01677600	3.90744509	3.39337587	2.21036049	2.08655851	3.84132124	4.99361907	4.69806559	2.36590032	0.51101146	5.04916358	3.59951788	6.79360560	0.50555032	0.89756671	2.68435485	1.46367567	4.25377002	6.38587540	6.30717254
2.95286041	4.92068362	2.75697328	2.88422384	2.62757554	5.01828732	3.79130569	5.16245675	2.06812143	1.85935781	1.88231321	2.86777054	2.27388790	4.90574289	1.76539885	4.80218955	4.82395665	3.35438140	4.89462298	4.09022659	4.27738090	2.44173180	3.20496607	2.79947218	0.53251628	1.58715321	4.57180253	0.00000000	4.00128908	2.12594800	4.37878518	5.16484463	1.98606702	3.13849581	5.53359092	2.84490032	5.70629965	4.49747069	2.50954978	2.92923583	1.64513546	4.90534785	4.19114807	4.99917677	4.64257535	1.33194912	3.77099586	3.34196740	4.45956909	4.07309577	4.31290929	5.08769286	5.18610301	2.42371870	2.51633937
1.15768966	2.83885379	1.32421390	1.49278064	1.43214960	1.85826702	1.22844958	2.00578143	2.83513621	2.18696093	2.37091555	3.59187424	3.19807737	2.23840861	2.24631705	3.01662737	1.02333116	3.71944043	1.18302262	1.53348157	3.23723919	2.39418378	0.89860137	1.95522188	3.79216083	2.55464933	3.97236391	4.00128908	0.00000000	3.94494556	0.74522381	1.20089640	2.16174214	3.06582220	3.32852007	1.20329643	1.96677761	0.93898551	2.68416279	2.29442521	2.35640407	1.12930755	0.73532959	2.28337100	3.59271152	3.27784464	0.39428417	3.86302371	3.49742467	3.07745811	1.45513183	3.15958204	1.21707173	4.08558029	3.86081911
3.36472827	5.94032289	2.68405259	3.57663301	3.08529616	5.55191221	4.37575870	5.71034044	1.11398042	2.63034682	1.72949862	0.91906497	0.77896321	5.66713182	2.45669795	5.92911709	4.37583509	1.36995416	5.09595511	4.76614152	5.62211592	1.56224151	3.51459222	2.03603978	2.53798865	2.69946527	6.10898849	2.12594800	3.94494556	0.00000000	4.58768201	4.83993822	1.96819671	1.47530027	6.56059993	2.82118236	5.90614533	4.76276062	3.89882985	4.10407183	2.29642044	4.41871971	3.74367133	5.74853499	6.03083921	1.06520394	3.91623221	1.30677474	5.85750610	5.40300930	4.89822433	6.18889914	5.12612654	0.30324120	0.43394818
1.42644398	2.19037024	1.90775379	1.57381603	1.75391204	1.11512052	0.87213923	1.26101182	3.47387454	2.51954105	2.93413384	4.29935231	3.86430685	1.53661037	2.62110141	2.40697617	1.41070381	4.44939466	0.52563421	1.00133748	2.75430018	3.06476188	1.18211632	2.65290427	4.09271411	2.83132701	3.49565185	4.37878518	0.74522381	4.58768201	0.00000000	1.30327699	2.70619419	3.79462609	2.63148859	1.77245644	1.35260010	0.19385708	2.63077481	2.15214163	2.75940888	1.51002194	1.40863996	1.57082163	3.06722626	3.83076489	0.67318719	4.59015616	2.99895209	2.62746043	0.82789488	2.51241240	0.91983812	4.75000378	4.53851139
2.35635047	3.37275918	2.42277703	2.66254434	2.63209080	2.09888686	2.15467715	2.18914919	3.77313097	3.37946399	3.43374722	4.31506410	4.06358608	2.65780281	3.42814868	3.62778040	0.49989446	4.32108329	1.23789707	2.29986915	4.04406297	3.28684299	2.09431638	2.80594003	4.98154064	3.75291738	4.78294997	5.16484463	1.20089640	4.83993822	1.30327699	0.00000000	3.25090920	3.70452687	3.70545059	2.32344758	1.56300188	1.38959614	3.82568288	3.38845720	3.52718565	0.51120848	1.09627207	2.66053447	4.33756601	4.32514488	1.53864635	4.47812202	4.28171300	3.92561952	2.09864629	3.68626052	0.65454362	4.92805296	4.67453127
1.40022050	3.98827426	0.83927444	1.61980760	1.11767116	3.60400359	2.41007954	3.76171473	0.92597309	0.84908885	0.23932547	2.00941782	1.38037820	3.69914293	0.70544253	3.99788586	2.87062242	2.37005964	3.22927278	2.79834885	3.77118938	0.82078397	1.56995277	0.92444668	1.95813854	1.14088957	4.33991226	1.98606702	2.16174214	1.96819671	2.70619419	3.25090920	0.00000000	1.83055180	4.60431133	0.95900180	4.05499295	2.86651031	2.19998369	2.26079335	0.62647679	2.94541206	2.22566355	3.78094848	4.18593807	1.12558892	2.03728212	2.45385971	4.02264001	3.55373394	2.93687394	4.24834345	3.37878879	2.18892400	2.04320083
2.92230708	5.56655700	2.10614854	3.27880304	2.75343860	4.87481640	3.85975563	5.03005101	1.11212279	2.67962497	1.68468895	0.65258702	0.88392630	5.13294441	2.53144537	5.63500731	3.21012995	0.65493154	4.24633192	4.26184387	5.51876306	1.01298831	2.96471526	1.20074249	3.37726051	2.94261617	6.13035147	3.13849581	3.06582220	1.47530027	3.79462609	3.70452687	1.83055180	0.00000000	6.15101727	2.22897250	4.99517315	3.98631397	4.02805379	4.04406009	2.42767786	3.22884884	2.64559144	5.19965210	5.93234289	1.80659934	3.17508107	0.79753279	5.77897256	5.30618646	4.31736299	5.85734169	4.11725672	1.40854138	1.12819560
3.25504858	0.62538398	4.05324194	2.98552315	3.49279707	1.60726107	2.29247664	1.52143709	5.52031187	3.97420601	4.83912939	6.53577243	5.96752783	1.09500457	4.14206247	0.75655951	3.97993878	6.79180910	2.47354311	1.89264505	1.48284073	5.24506735	3.18651284	4.95052687	5.06361388	4.04827404	1.85318247	5.53359092	3.32852007	6.56059993	2.63148859	3.70545059	4.60431133	6.15101727	0.00000000	3.92536680	2.42160680	2.45783753	3.03900803	2.60865752	4.30881082	4.06655711	4.03572645	1.06524435	1.37255485	5.58363562	3.06606338	6.91238699	1.48575460	1.61052832	1.88435941	0.47578105	3.07135739	6.79251122	6.64274573
0.70684659	3.33764238	0.13772022	1.11409616	0.64764862	2.74501534	1.63991366	2.90352793	1.71005394	1.15271515	1.17386600	2.62710650	2.12053421	2.93005013	1.15222770	3.41071478	1.98459366	2.86650999	2.28936262	2.04301653	3.35442378	1.34312994	0.74123093	1.02905778	2.69997489	1.55262510	4.01677600	2.84490032	1.20329643	2.82118236	1.77245644	2.32344758	0.95900180	2.22897250	3.92536680	0.00000000	3.11096969	1.94333756	2.15219185	1.98209519	1.22397887	2.07039066	1.37094800	3.00260989	3.76135999	2.07989120	1.09927168	2.98763735	3.62036854	3.15066069	2.12568946	3.62900262	2.42012631	2.99752584	2.80240446
2.76539244	2.29308929	3.24362559	2.84404597	3.09448316	1.02979711	1.97795406	1.00689539	4.79341526	3.84954887	4.28032246	5.54729925	5.16431087	1.59203302	3.96053362	2.60365790	2.00180884	5.64200579	0.82707546	1.82376684	3.23117940	4.36045308	2.53023593	3.92002721	5.39127514	4.13697552	3.90744509	5.70629965	1.96677761	5.90614533	1.35260010	1.56300188	4.05499295	4.99517315	2.42160680	3.11096969	0.00000000	1.21201513	3.73111629	3.20929420	4.10348312	2.04927197	2.38622624	1.54450261	3.40644254	5.18040524	2.01771653	5.79124169	3.41095428	3.18999411	1.55293210	2.55636234	0.94168343	6.05193388	5.82740995
1.55338382	2.03679732	2.07969571	1.65639396	1.88248414	0.92329219	0.87165313	1.06787354	3.64957855	2.63919674	3.09698943	4.48716202	4.04468938	1.36487468	2.74859139	2.26649115	1.55037223	4.64116687	0.40161327	0.91953173	2.65457916	3.24691989	1.32097695	2.84017211	4.19492293	2.93591204	3.39337587	4.49747069	0.93898551	4.76276062	0.19385708	1.38959614	2.86651031	3.98631397	2.45783753	1.94333756	1.21201513	0.00000000	2.65800513	2.16299880	2.89159730	1.64575078	1.59236538	1.39392859	2.95161684	3.98884489	0.84698005	4.78142377	2.89250024	2.53946428	0.70925480	2.35773496	0.92217205	4.92928872	4.72055029
1.61036270	2.43900757	2.19772985	1.20029541	1.50923877	2.82936950	1.78936723	2.94599297	3.06558732	1.35507523	2.37421215	4.17443717	3.50840889	2.55483309	1.51596049	2.29756685	3.70672457	4.56338929	3.03920176	1.91475158	1.78775675	3.01521518	1.82296774	2.97362287	2.02604174	1.19936790	2.21036049	2.50954978	2.68416279	3.89882985	2.63077481	3.82568288	2.19998369	4.02805379	3.03900803	2.15219185	3.73111629	2.65800513	0.00000000	0.52770857	1.64990990	3.81208686	3.26766369	2.64910778	2.17555245	2.83894358	2.30336361	4.63809802	1.99511905	1.57615401	2.18232764	2.58422146	3.55057108	4.17709645	4.10586490
1.33719938	1.99209550	2.05736622	0.89580521	1.34404733	2.30173046	1.29139308	2.41914858	3.17415033	1.47646472	2.46725941	4.26993866	3.62773173	2.04177640	1.65004046	1.89380224	3.31436505	4.62144028	2.53507163	1.38920827	1.52106465	3.04012666	1.49780139	2.91435312	2.47619920	1.46090153	2.08655851	2.92923583	2.29442521	4.10407183	2.15214163	3.38845720	2.26079335	4.04406009	2.60865752	1.98209519	3.20929420	2.16299880	0.52770857	0.00000000	1.80790381	3.42103236	2.93408003	2.13635260	1.93344266	3.06938493	1.90247216	4.71170602	1.76557450	1.30200741	1.65801275	2.17457956	3.06979529	4.36613984	4.26348503
1.33849833	3.68392451	1.15667363	1.37937279	1.00942716	3.50692116	2.27116044	3.65953995	1.41737212	0.33669211	0.74389708	2.52613128	1.85850041	3.50134244	0.16696232	3.64875841	3.20748889	2.92675306	3.28180616	2.62225636	3.32741715	1.43239044	1.57762362	1.53833378	1.47731280	0.51768579	3.84132124	1.64513546	2.35640407	2.29642044	2.75940888	3.52718565	0.62647679	2.42767786	4.30881082	1.22397887	4.10348312	2.89159730	1.64990990	1.80790381	0.00000000	3.29418337	2.59283659	3.58980705	3.73770462	1.27683850	2.13279788	2.99456472	3.56618771	3.10824662	2.80799035	3.91566284	3.54370981	2.55909097	2.46663062
2.25186413	3.68048653	2.14922168	2.61649260	2.48536710	2.46599828	2.27799692	2.57461207	3.37927905	3.18987897	3.10731316	3.85083020	3.63982898	2.98954555	3.21440213	3.91158820	0.10695496	3.83461640	1.60188042	2.49867689	4.25185098	2.88413039	2.00601015	2.40027014	4.76850812	3.57959813	4.99361907	4.90534785	1.12930755	4.41871971	1.51002194	0.51120848	2.94541206	3.22884884	4.06655711	2.07039066	2.04927197	1.64575078	3.81208686	3.42103236	3.29418337	0.00000000	0.72039089	3.00506669	4.57503333	3.97643360	1.51867654	3.99281992	4.50148215	4.11293300	2.33776067	4.00032024	1.11339317	4.48949708	4.22964317
1.66249387	3.56477386	1.43973583	2.07083181	1.84925371	2.50947634	1.95844178	2.64601280	2.68152644	2.51145839	2.38714018	3.23811200	2.96741614	2.94110358	2.52249530	3.74965251	0.65213619	3.27971419	1.72354214	2.26841508	3.96596647	2.19223772	1.44724588	1.71034523	4.06995657	2.90741633	4.69806559	4.19114807	0.73532959	3.74367133	1.40863996	1.09627207	2.22566355	2.64559144	4.03572645	1.37094800	2.38622624	1.59236538	3.26766369	2.93408003	2.59283659	0.72039089	0.00000000	2.97855374	4.32579881	3.26003608	1.09886892	3.43321817	4.22763852	3.80140045	2.17929332	3.88640382	1.47743564	3.83404722	3.58302890
2.38531404	0.75530138	3.13680975	2.21193597	2.66724460	0.57345688	1.37552665	0.54073511	4.66827134	3.27045814	4.02011842	5.62965364	5.10240754	0.09462851	3.42482457	1.05994232	2.91701992	5.84935604	1.42287642	0.98269735	1.71299483	4.34399126	2.26476656	4.00719893	4.58372558	3.43165831	2.36590032	4.99917677	2.28337100	5.74853499	1.57082163	2.66053447	3.78094848	5.19965210	1.06524435	3.00260989	1.54450261	1.39392859	2.64910778	2.13635260	3.58980705	3.00506669	2.97855374	0.00000000	1.86253703	4.83387149	2.05206125	5.97794352	1.87421160	1.70474206	0.88229206	1.04437057	2.04281905	5.95799594	5.78464599
3.05626996	1.13237261	3.86387028	2.66034703	3.18086764	2.40044302	2.36840317	2.40003080	5.10470479	3.40877387	4.39765685	6.19449847	5.55897170	1.81590375	3.58204586	0.81198257	4.47371975	6.52991480	3.14292622	2.08021648	0.41497189	4.94382637	3.10253904	4.76344823	4.13023292	3.35043303	0.51101146	4.64257535	3.59271152	6.03083921	3.06722626	4.33756601	4.18593807	5.93234289	1.37255485	3.76135999	3.40644254	2.95161684	2.17555245	1.93344266	3.73770462	4.57503333	4.32579881	1.86253703	0.00000000	4.98526463	3.23411116	6.62694079	0.18303260	0.63239734	2.24395038	0.95927851	3.78835679	6.29677295	6.19691552
2.48846265	4.95918541	1.95420842	2.62627940	2.17857686	4.70005361	3.48244688	4.85644377	0.75917524	1.61328400	0.90697913	1.58704094	0.95106854	4.74791050	1.44284892	4.92518994	3.91216829	2.06497567	4.35440441	3.85521300	4.57974537	1.20401891	2.68123796	1.64246880	1.60894149	1.64076934	5.04916358	1.33194912	3.27784464	1.06520394	3.83076489	4.32514488	1.12558892	1.80659934	5.58363562	2.07989120	5.18040524	3.98884489	2.83894358	3.06938493	1.27683850	3.97643360	3.26003608	4.83387149	4.98526463	0.00000000	3.16274891	2.07531601	4.80988927	4.36109234	4.01735320	5.19250053	4.49394606	1.35497396	1.33931246
0.84270109	2.54180892	1.23470146	1.12462771	1.15123664	1.70033607	0.86651837	1.85636826	2.80280816	1.92322565	2.26320183	3.65354773	3.19853182	1.99535923	2.00559885	2.69534043	1.41210281	3.82928636	1.19259079	1.21006695	2.86891622	2.40247334	0.57818085	2.00721391	3.52298282	2.26789651	3.59951788	3.77099586	0.39428417	3.91623221	0.67318719	1.53864635	2.03728212	3.17508107	3.06606338	1.09927168	2.01771653	0.84698005	2.30336361	1.90247216	2.13279788	1.51867654	1.09886892	2.05206125	3.23411116	3.16274891	0.00000000	3.96507718	3.13168692	2.70263636	1.18277216	2.85835333	1.41823840	4.08257205	3.87552133
3.66535979	6.31944625	2.85915167	3.99618727	3.46884060	5.66541061	4.62653943	5.82123987	1.57965860	3.28441674	2.26444059	0.49043189	1.16598751	5.90910559	3.12220240	6.37294775	3.98052909	0.16055684	5.04382412	5.02955025	6.21202918	1.68766832	3.72826212	1.97074545	3.68058351	3.48949862	6.79360560	3.34196740	3.86302371	1.30677474	4.59015616	4.47812202	2.45385971	0.79753279	6.91238699	2.98763735	5.79124169	4.78142377	4.63809802	4.71170602	2.99456472	3.99281992	3.43321817	5.97794352	6.62694079	2.07531601	3.96507718	0.00000000	6.46748051	5.99627553	5.09608296	6.60371325	4.90821170	1.08740493	0.87295253
2.91749475	1.17341232	3.72000449	2.51385531	3.03078510	2.39292990	2.26945695	2.40460569	4.93921922	3.23867214	4.23218628	6.03189908	5.39307768	1.81964738	3.41166011	0.85508096	4.39896088	6.37226380	3.10408649	2.00280605	0.26768712	4.78660383	2.97457285	4.61576305	3.94722649	3.17345428	0.50555032	4.45956909	3.49742467	5.85750610	2.99895209	4.28171300	4.02264001	5.77897256	1.48575460	3.62036854	3.41095428	2.89250024	1.99511905	1.76557450	3.56618771	4.50148215	4.22763852	1.87421160	0.18303260	4.80988927	3.13168692	6.46748051	0.00000000	0.47283794	2.18324586	1.04573689	3.74863852	6.12488593	6.02786407
2.44944242	1.12939932	3.24896218	2.04222231	2.55814279	2.16019704	1.85095722	2.20055076	4.47230914	2.77815952	3.76526336	5.56251546	4.92659039	1.63273657	2.95160604	0.86564955	4.00869387	5.90034184	2.78992987	1.62648207	0.21917186	4.31449850	2.51504116	4.14342327	3.57217458	2.73131179	0.89756671	4.07309577	3.07745811	5.40300930	2.62746043	3.92561952	3.55373394	5.30618646	1.61052832	3.15066069	3.18999411	2.53946428	1.57615401	1.30200741	3.10824662	4.11293300	3.80140045	1.70474206	0.63239734	4.36109234	2.70263636	5.99627553	0.47283794	0.00000000	1.83693288	1.13501181	3.42711444	5.66722953	5.56533620
1.53687389	1.38548125	2.26100189	1.44010108	1.83878460	0.70576131	0.53724147	0.85377030	3.80680761	2.50683869	3.17602307	4.75144560	4.23518187	0.81770478	2.64790403	1.58350687	2.23859631	4.96714669	0.96717550	0.27122502	1.94631341	3.46860339	1.39282400	3.12536630	3.94454621	2.72590089	2.68435485	4.31290929	1.45513183	4.89822433	0.82789488	2.09864629	2.93687394	4.31736299	1.88435941	2.12568946	1.55293210	0.70925480	2.18232764	1.65801275	2.80799035	2.33776067	2.17929332	0.88229206	2.24395038	4.01735320	1.18277216	5.09608296	2.18324586	1.83693288	0.00000000	1.70717472	1.59328869	5.09868713	4.91800715
2.93863176	0.32230251	3.75135722	2.63093503	3.15066406	1.61748653	2.03143683	1.57514620	5.17126895	3.57929139	4.47940857	6.21066672	5.62259195	1.03196771	3.74985010	0.28717296	3.90691330	6.48908290	2.45054255	1.65070247	1.01421776	4.92359116	2.90129617	4.65806012	4.61026227	3.62792568	1.46367567	5.08769286	3.15958204	6.18889914	2.51241240	3.68626052	4.24834345	5.85734169	0.47578105	3.62900262	2.55636234	2.35773496	2.58422146	2.17457956	3.91566284	4.00032024	3.88640382	1.04437057	0.95927851	5.19250053	2.85835333	6.60371325	1.04573689	1.13501181	1.70717472	0.00000000	3.08132762	6.42966086	6.29146544
2.25607699	2.77484928	2.54110366	2.46903464	2.56935697	1.47239950	1.78236240	1.55025956	4.02577241	3.34146366	3.58723184	4.69450009	4.36423370	2.04937334	3.42125275	3.04615437	1.06117877	4.75562369	0.64543057	1.83010552	3.52448513	3.56483695	1.99388315	3.10201757	4.93988466	3.68206986	4.25377002	5.18610301	1.21707173	5.12612654	0.91983812	0.65454362	3.37878879	4.11725672	3.07135739	2.42012631	0.94168343	0.92217205	3.55057108	3.06979529	3.54370981	1.11339317	1.47743564	2.04281905	3.78835679	4.49394606	1.41823840	4.90821170	3.74863852	3.42711444	1.59328869	3.08132762	0.00000000	5.24705835	5.00886312
3.57289184	6.17495213	2.85980780	3.80706662	3.30525601	5.74009163	4.58274945	5.89866685	1.29216195	2.88985558	1.95338245	0.78346035	0.88765996	5.87846285	2.71618288	6.17359482	4.45320094	1.17604321	5.25052673	4.97742381	5.88640096	1.69148116	3.70842849	2.14505018	2.84077549	2.97838345	6.38587540	2.42371870	4.08558029	0.30324120	4.75000378	4.92805296	2.18892400	1.40854138	6.79251122	2.99752584	6.05193388	4.92928872	4.17709645	4.36613984	2.55909097	4.48949708	3.83404722	5.95799594	6.29677295	1.35497396	4.08257205	1.08740493	6.12488593	5.66722953	5.09868713	6.42966086	5.24705835	0.00000000	0.28037747
3.40396762	6.02928481	2.66498070	3.66171475	3.15000739	5.54733579	4.40947442	5.70581940	1.12247901	2.78959486	1.81450817	0.51105558	0.68285708	5.70711429	2.61715739	6.04071641	4.19586900	0.93861188	5.03276767	4.80758531	5.78425991	1.47376163	3.52526080	1.90987407	2.89768295	2.91387190	6.30717254	2.51633937	3.86081911	0.43394818	4.53851139	4.67453127	2.04320083	1.12819560	6.64274573	2.80240446	5.82740995	4.72055029	4.10586490	4.26348503	2.46663062	4.22964317	3.58302890	5.78464599	6.19691552	1.33931246	3.87552133	0.87295253	6.02786407	5.56533620	4.91800715	6.29146544	5.00886312	0.28037747	0.00000000

EDGE_KM_T
0.00000000	3.69917169	1.08268201	0.51543680	0.36017953	2.94075955	1.41436174	3.16105984	3.22561055	1.17549819	2.26900780	4.60636300	3.85153695	3.24800660	1.24981173	3.67617840	3.03392733	4.87829663	2.01701203	1.98099993	3.14146001	2.79021265	0.34333740	2.29394383	3.18117023	1.74150392	3.64618391	3.08216742	1.59563548	4.70112438	1.44303012	3.21145953	1.93625718	3.95210091	4.57411160	0.89227217	2.98998312	1.68215868	2.19196437	1.57811850	1.48296997	3.18034985	2.32046740	3.35313369	3.69360518	3.28692398	1.06435543	5.07185349	3.43750469	2.83707530	2.11336166	4.04895498	2.71702258	5.03174615	4.81239771
3.69957189	0.00000000	4.78234204	3.34726971	4.05983721	1.70894261	2.28499745	1.75083336	6.92562923	4.70667307	5.96893935	8.30646511	7.55161811	0.92779630	4.94969649	0.45321474	3.67744956	8.57835145	2.51525059	1.71829322	1.40267490	6.49010138	3.54901273	5.99370584	5.77129171	4.71738779	2.32243495	6.51792070	3.33246221	8.40140870	2.28953268	3.85509464	5.63613703	7.65203204	0.87507127	4.59190190	3.16460562	2.05639640	3.08202546	2.65766147	5.18289015	3.82388628	4.07814448	1.01059208	1.60136750	6.98709108	3.16319197	8.77194923	1.63861013	1.34436098	1.58586701	0.34979083	3.36069543	8.73203799	8.51261756
1.08265171	4.78168584	0.00000000	1.43498260	0.72250167	4.02323090	2.49694034	4.24351939	2.14280525	1.58510437	1.18623245	3.52352901	2.76871017	4.33049929	1.54874510	4.75871397	2.62407704	3.79547890	3.09948866	3.06355582	4.22406240	1.70745203	1.23312397	1.21122677	3.59063820	2.15108414	4.72880498	3.49160624	1.44941601	3.61822777	2.49218888	2.80157044	0.85349960	2.86932570	5.65658058	0.19039942	4.07238673	2.76467104	2.60159792	2.12465649	1.58602893	2.77049468	1.91067555	4.43561792	4.77619166	2.20406766	1.61874996	3.98902170	4.52010438	3.91968876	3.19589539	5.13146654	2.75522486	3.94884694	3.72952326
0.51544107	3.34693241	1.43501890	0.00000000	0.71251595	2.58854514	1.06208498	2.80885229	3.57801912	1.35919176	2.62139895	4.95878824	4.20395801	2.89577979	1.60219353	3.32392664	3.54945320	5.23071242	2.38718623	1.62873637	2.78916941	3.14259525	0.85879140	2.64630110	2.66586664	1.36984606	3.29388245	3.17004986	2.11112792	5.05358604	1.95854586	3.72700796	2.28863800	4.30449198	4.22189856	1.24460300	3.03637127	1.92841521	1.67656450	1.06269146	1.83535885	3.69587856	2.83595929	3.00091180	3.34132383	3.63936221	1.57983840	5.42427746	3.08521567	2.48477826	1.76111098	3.69671720	3.23257855	5.38420931	5.16484649
0.36017824	4.05934391	0.72250244	0.71250210	0.00000000	3.30092989	1.77453678	3.52122966	2.86542558	0.88068187	1.90882414	4.24617677	3.49135104	3.60817788	0.88962878	4.03635155	3.32873296	4.51811111	2.37718260	2.34117398	3.50163609	2.43002964	0.63814845	1.93376273	2.88634785	1.44668646	4.00636081	2.78734377	1.89044363	4.34093542	1.76983821	3.50626346	1.57607430	3.59191726	4.93428183	0.74550400	3.35015049	2.04233081	1.89714924	1.40215994	1.12278648	3.47515526	2.61527559	3.71330460	4.05378056	2.92673678	1.35916429	4.71166736	3.79768066	3.19725186	2.47353473	4.40912709	3.01182594	4.67155707	4.45220972
2.94098617	1.70887190	4.02370625	2.58867185	3.30120275	0.00000000	1.52653256	0.22031512	6.16678967	3.94792497	5.21014930	7.54757815	6.79274306	0.78111106	4.19093302	2.16205121	2.73497678	7.81949136	0.92375417	0.95986584	3.11140097	5.73133565	2.79046374	5.23501211	5.01231520	3.95859679	4.03113014	5.75889601	2.57402250	7.64241822	1.53115920	2.14614492	4.87737635	6.89324222	1.63335502	3.83328332	1.45555106	1.25865241	3.25760004	2.64369546	4.42410655	2.77293439	3.31970321	0.69832926	3.31011985	6.22816720	2.40472533	8.01306589	3.34734067	3.05306874	0.82747627	2.00111604	1.65172427	7.97304324	7.75366371
1.41442076	2.28486197	2.49712723	1.06210315	1.77462409	1.52648437	0.00000000	1.74679418	4.64015527	2.42131542	3.68352835	6.02093086	5.26609900	1.83371420	2.66431930	2.26185137	2.82431649	6.29285137	1.66205611	0.56665651	2.25560506	4.20472132	1.26390832	3.70841734	3.48564358	2.43197558	3.17532583	4.23221129	1.38597823	6.11574280	1.23340522	3.00188001	3.35076338	5.36662134	3.15983832	2.30670898	2.31125764	1.20327703	2.40175013	1.78786655	2.89748736	2.97074295	2.11080938	1.93884812	2.45433110	4.70150988	0.87819229	6.48641959	2.49154598	2.19726785	0.69903613	2.63464735	2.50745353	6.44636665	6.22699824
3.16132425	1.75074967	4.24404795	2.80901082	3.52154436	0.22031653	1.74686190	0.00000000	6.38714612	4.16827480	5.43050216	7.76793803	7.01310207	0.82298626	4.41128396	2.20393154	2.95529744	8.03984929	1.14407133	1.18019248	3.15328928	5.95168676	3.01079917	5.45535801	5.23268155	4.17894972	4.07302068	5.97926584	2.79435003	7.86278558	1.75148194	2.27085624	5.09772709	7.11359507	1.62260872	4.05362378	1.41368651	1.47897384	3.29950272	2.68559255	4.64445895	2.99325446	3.54003085	0.74020345	3.35200627	6.44852974	2.62505480	8.23342550	3.38922866	3.09495837	1.04780025	2.04299350	1.60985368	8.19341091	7.97402842
3.22529769	6.92418914	2.14267739	3.57763618	2.86517822	6.16568983	4.63951049	6.38596607	0.00000000	2.21868245	0.95654174	1.38069402	0.62588265	6.47298033	1.97570504	6.90123951	3.43082668	1.65266077	5.24195307	5.20610243	6.36665722	0.55683155	3.37574689	1.02805652	2.99508654	2.20809613	6.87141918	2.89602436	3.59197036	1.47532783	4.63470165	4.11513543	1.28925616	1.39491414	7.79903704	2.33306601	6.21477539	4.90717251	3.84319465	4.26732750	1.74257161	3.39285299	2.84629274	6.57809019	6.91876998	1.07187142	3.76132121	1.84618898	6.66269639	6.06229507	5.33841900	7.27396715	4.89766586	1.80594432	1.58664630
1.17550929	4.70601371	1.58518000	1.35914918	0.88069265	3.94760639	2.42119648	4.16790801	2.21880144	0.00000000	1.26219530	3.59955713	2.84473027	4.25485104	0.24299742	4.68301799	4.20945310	3.87148892	3.04717244	2.98783723	4.14829205	1.78339849	1.51884920	2.01782328	2.00568767	0.56600867	4.65301384	1.90668816	2.77115476	3.69432560	2.61855392	4.38698968	0.92944267	2.94528839	5.58095871	1.62619815	3.99683761	2.68900089	1.62457106	2.04880439	0.47615703	4.35587617	3.49598656	4.35997908	4.70043902	2.28012064	2.23987287	4.06504737	4.44433704	3.84390609	3.12020146	5.05579729	3.89255420	4.02494766	3.80559642
2.26885935	5.96786586	1.18621372	2.62119171	1.90871523	5.20940234	3.68313331	5.42968846	0.95656679	1.26216195	0.00000000	2.33728480	1.58246740	5.51667501	1.01917676	5.94489831	3.51082646	2.60923795	4.28566116	4.24974423	5.41026014	0.84821270	2.41932715	1.31947411	2.70381206	1.26428052	5.91500647	2.60477426	2.63560592	2.43197099	3.67837074	3.68831207	0.33272928	1.68628310	6.84275154	1.37661105	5.25854456	3.95085072	2.88669705	3.31086898	0.78603314	3.65724312	2.79743670	5.62179194	5.96238621	1.01781896	2.80494314	2.80277792	5.70630158	5.10588873	4.38207935	6.31764604	3.94139283	2.76258964	2.54327093
4.60573215	8.30442770	3.52315501	4.95808111	4.24565468	7.54586745	6.01984083	7.76612689	1.38065318	3.59925683	2.33715226	0.00000000	0.75480112	7.85318834	3.35629267	8.28150859	4.81105343	0.63297359	6.62213822	6.58640044	7.74702145	1.81589646	4.75614969	2.31201451	3.73872789	3.58870748	8.25181001	3.63962419	4.97227900	1.29628391	6.01495323	5.49530693	2.66984138	0.65405866	9.17921130	3.71352878	7.59485654	6.28740854	5.22373004	5.64779633	3.12317657	4.77307280	4.22660272	7.95828615	8.29911155	1.81555811	5.14165306	0.51415804	8.04305677	7.44267507	6.71868545	8.65420202	6.27781889	1.02314395	0.69278506
3.85108942	7.54990943	2.76848487	4.20343173	3.49098527	6.79138790	5.26526426	7.01165801	0.62587150	2.84452521	1.58239768	0.75480763	0.00000000	7.09868949	2.60155263	7.52697094	4.05654267	1.22784288	5.86765389	5.83184440	6.99242334	1.06115519	4.00152708	1.55731265	3.14392233	2.83395237	7.49719500	3.04484500	4.21771621	0.84940891	5.26042670	4.74083127	1.91510287	1.24601970	8.42473389	2.95886807	6.84043828	5.53289188	4.46902319	4.89313177	2.36842552	4.01856645	3.47203908	7.20379495	7.54452784	1.22072374	4.38707552	1.22030373	7.28846111	6.68806695	5.96414947	7.89968610	5.52335497	1.18002406	0.96073890
3.24832235	0.92777648	4.33106452	2.89601339	3.60856043	0.78112661	1.83381543	0.82300646	6.47423783	4.25533278	5.51757562	7.85504722	7.10020688	0.00000000	4.49834761	1.38097142	3.04220663	8.12694858	1.58743947	1.26713217	2.33036988	6.03875124	3.09778371	5.54239593	5.31982378	4.26602352	3.25011267	6.06642584	2.88129427	7.94993296	1.83840175	2.92727467	5.18478971	7.20066844	1.32615205	4.14063399	2.23672706	1.56588701	2.63071046	2.20638963	4.73153002	3.08016067	3.62697567	0.10514389	2.52907717	6.53565256	2.71200897	8.32053336	2.56630761	2.27204573	1.13472643	1.22001873	2.43286348	8.28055986	8.06116229
1.24980376	4.94896524	1.54881663	1.60212784	0.88962641	4.19054992	2.66416008	4.41084933	1.97579541	0.24299567	1.01919488	3.35654573	2.60172022	4.49779856	0.00000000	4.92597353	4.17305676	3.62848056	3.26680279	3.23079658	4.39126010	1.54040082	1.48247600	1.98146647	2.04201245	0.60235446	4.89598539	1.94300748	2.73476918	3.45130247	2.65945982	4.35058608	0.72394120	2.70228799	5.82390179	1.58983283	4.23976845	2.93195209	1.86756161	2.29178619	0.23315733	4.31947891	3.45960116	4.60292502	4.94340409	2.03710506	2.20349034	3.82203638	4.68730459	4.08687621	3.36315666	5.29874834	3.85614816	3.78192405	3.56257745
3.67654969	0.45322091	4.75932857	3.32424963	4.03682350	2.16217585	2.26195418	2.20407000	6.90265128	4.68367917	5.94595277	8.28349542	7.52864635	1.38102339	4.92670528	0.00000000	4.13067286	8.55537708	2.96848230	1.69524341	0.94947941	6.46711055	3.52598412	5.97070246	5.74833764	4.69440137	1.86924484	6.49497502	3.30941456	8.37845705	2.53971993	4.30832912	5.61314533	7.62904542	0.89814611	4.56888542	3.61785837	2.50961782	3.05902368	2.63464622	5.15990244	4.27711099	4.05509709	1.46382161	1.14816742	6.96412782	3.14014901	8.74897891	1.18541386	0.89116868	1.60393594	0.37285341	3.81393365	8.70908710	8.48965953
3.03365091	3.67740974	2.62391935	3.54907379	3.32840833	2.73486805	2.82411992	2.95514597	3.43086914	4.20896289	3.51063929	4.81156723	4.05675483	3.04215553	4.17259529	4.13052150	0.00000000	5.08353167	1.81113054	2.88652692	5.07966069	2.99555592	2.69035564	2.49936966	6.21437297	4.77491941	5.99933097	6.11531491	1.43818287	4.90620989	1.59086419	0.68431426	3.44865716	4.15741654	4.36821561	2.58292212	2.78396324	1.62102186	5.22548095	4.61172366	4.20986822	0.14641326	0.71334918	3.14726659	5.27842972	4.29115334	1.96943204	5.27706187	5.31560892	5.02129355	2.52659498	3.96966205	1.46684654	5.23682675	5.01752524
4.87762132	8.57623341	3.79506256	5.22997473	4.51756174	7.81764721	6.29168565	8.03789948	1.65263553	3.87120561	2.60911645	0.63296373	1.22782920	8.12498104	3.62824709	8.55332731	5.08285412	0.00000000	6.89392119	6.85823148	8.01888070	2.08785171	5.02802537	2.58394333	4.37165874	3.86067201	8.52368059	4.27253735	5.24411457	1.92920963	6.28676448	5.76708407	2.94179478	0.92602276	9.45098962	3.98543002	7.86659520	6.55921318	5.49566221	5.91970015	3.39513838	5.04487052	4.49843886	8.23007372	8.57096115	2.44850829	5.41349851	0.19349965	8.31491437	7.71454104	6.99050305	8.92600616	6.54958816	1.65606811	1.32572423
2.01702908	2.51514515	3.09971404	2.38709794	2.37721148	0.92374804	1.66198375	1.14404948	5.24265456	3.04716817	4.28604890	6.62340980	5.86858305	1.58740918	3.26685127	2.96829961	1.81118875	6.89534185	0.00000000	1.72434551	3.91757193	4.80725232	1.86653242	4.31097927	5.05285364	3.61317643	4.83727944	4.95385367	1.65016782	6.71817727	0.60735097	1.33981709	3.95329655	5.96914200	2.55710032	2.90930319	0.97297821	0.45875373	4.06363169	3.44978127	3.50001069	1.84915202	2.39584745	1.50463718	4.11630926	5.30397295	1.48085176	7.08890008	4.15351476	3.85922686	1.36436941	2.80739229	0.84538141	7.04879929	6.82944845
1.98111764	1.71822306	3.06383688	1.62880313	2.34133341	0.95986348	0.56666608	1.18017827	5.20691687	2.98805371	4.25027733	6.58770455	5.83286966	1.26708432	3.23106150	1.69520342	2.88668322	6.85961821	1.72443516	0.00000000	2.19327901	4.77146410	1.83059584	4.27514176	4.05244010	2.99872480	3.11300765	4.79902009	1.61415645	6.68254288	1.29576460	3.06426310	3.91750487	5.93337026	2.59321844	2.87341424	2.37366746	1.26564101	2.33947473	1.72557145	3.46423469	3.03311174	2.35983713	1.37222181	2.39199834	5.26829298	1.44485882	7.05319235	2.42921878	2.13494647	0.36000118	2.06800953	2.56984208	7.01316783	6.79378899
3.14163139	1.40272482	4.22441869	2.78933337	3.50191339	3.11169164	2.25566853	3.15358906	6.36777563	4.14878815	5.41106880	7.74862774	6.99377666	2.33053326	4.39181684	0.94949796	5.08017907	8.02050488	3.91799663	2.19338345	0.00000000	5.93222250	2.99105965	5.43580231	5.21348500	4.15951756	0.91977061	5.96013048	3.64168741	7.84360676	3.48922131	5.25784611	5.07825642	7.09416141	1.53096054	4.03397265	4.56739297	3.45912223	2.52412506	2.09973462	4.62501739	5.22661856	4.36651606	2.41333383	0.55220046	6.42926634	3.11035073	8.21411062	0.29605409	0.30442320	2.55343441	1.11048643	4.76345423	8.17423752	7.95480308
2.78998192	6.48886217	1.70736410	3.14232102	2.42986486	5.73035938	4.20418877	5.95063466	0.55682791	1.78337469	0.84819919	1.81599494	1.06118416	6.03765163	1.54039804	6.46591429	2.99549904	2.08796301	4.80662306	4.77077886	5.93133744	0.00000000	2.94042931	0.49617654	3.55190770	2.11247918	6.43610092	3.45284314	3.15664740	1.91062364	4.19937544	3.67980463	0.85394901	1.16185737	7.36370641	1.89775186	5.77943943	4.47184540	3.40788466	3.83201370	1.54742898	2.95752496	2.41096986	6.14276080	6.48344890	1.62869517	3.32599958	2.28149008	6.22737639	5.62697619	4.90309363	6.83863998	4.46233401	2.24123993	2.02194393
0.34333453	3.54866230	1.23316971	0.85877038	0.63814403	2.79024463	1.26386068	3.01054339	3.37608232	1.51882002	2.41948344	4.75683106	4.00200594	3.09749444	1.48246886	3.52567177	2.69057396	5.02876679	1.86649779	1.83049593	2.99096202	2.94069020	0.00000000	2.44442701	3.52447420	2.08482240	3.49568833	3.42546762	1.25228954	4.85158435	1.25915738	2.86810114	2.08673512	4.10257657	4.42359637	1.04276122	2.83945945	1.53164905	2.53528974	1.92144991	1.63344611	2.83699585	1.97712157	3.20262044	3.54310513	3.43738916	0.72101159	5.22232184	3.28700635	2.68657874	1.96285480	3.89844526	2.37366252	5.18220578	4.96286055
2.29380648	5.99268903	1.21118815	2.64614545	1.93368892	5.23418696	3.70801455	5.45446244	1.02805081	2.01775042	1.31942159	2.31217344	1.55736253	5.54147885	1.98138091	5.96974079	2.49932604	2.58414123	4.31045055	4.27460502	5.43516282	0.49617727	2.44425424	0.00000000	4.02313199	2.58370159	5.93992599	3.92406791	2.66047344	2.40680318	3.70320214	3.18363228	1.25744313	1.65803488	6.86753403	1.40157609	5.28326815	3.97567229	3.03427414	3.33583785	2.01865132	2.46135204	1.91479588	5.64658816	5.98727455	2.09991893	2.82982534	2.77766853	5.73120182	5.13080139	4.40692017	6.34246688	3.96616188	2.73741951	2.51812309
3.18134610	5.77048184	3.59099770	2.66590384	2.88651086	5.01210150	3.48562397	5.23241057	2.99531698	2.00577484	2.70403144	3.73895573	3.14412492	5.31933270	2.04211789	5.74747260	6.21538189	4.37199768	5.05311965	4.05227903	5.21270454	3.55227276	3.52470003	4.02361887	0.00000000	1.43974980	5.71741454	0.74656587	4.77704728	2.63009869	4.62447172	6.39294293	2.76606047	4.39031482	6.64545531	3.63202242	5.70231651	4.59434283	2.68890774	3.11317054	2.00481283	6.36180803	5.50187850	5.42446608	5.76486154	1.92330369	4.24575511	4.25312299	5.50875123	4.90831159	4.18465724	6.12026705	5.89851563	2.96072238	3.04600050
1.74156418	4.71675325	2.15122361	1.36983480	1.44673656	3.95836185	2.43191204	4.17866787	2.20817023	0.56601833	1.26428148	3.58893660	2.83410706	4.26559856	0.60236377	4.69374955	4.77556225	3.86086234	3.61329246	2.99856123	4.15899876	2.11251900	2.08491236	2.58385385	1.43972077	0.00000000	4.66371360	1.80019020	3.33724251	3.68372837	3.18465659	4.95311327	1.32630592	2.95056483	5.59171505	2.19224564	4.26247046	3.15452489	1.63523304	2.05948376	0.56506186	4.92198714	4.06207397	4.37072976	4.71115165	2.26950842	2.80595456	4.05442603	4.45504475	3.85460867	3.13093371	5.06653779	4.45868261	4.01435140	3.79499095
3.64631960	2.32259743	4.72913579	3.29402858	4.00662972	4.03160506	3.17547966	4.07351374	6.87261033	4.65357007	5.91587494	8.25348980	7.49863186	3.25042633	4.89660764	1.86935012	6.00005958	8.52535144	4.83790500	3.11321623	0.91978843	6.43701459	3.49572665	5.94055285	5.71839875	4.66432425	0.00000000	6.46507204	4.56151307	8.34852858	4.40908520	6.17776363	5.58304561	7.59896741	2.45087622	4.53867981	5.48737100	4.37899652	3.02888087	2.60444585	5.12981980	6.14650372	5.28634083	3.33323496	0.72112002	6.93414972	4.03016085	8.71897059	0.68385732	0.97808553	3.47328834	2.03036151	5.68338413	8.67916180	8.45970375
3.08221451	6.51681929	3.49188327	3.16994549	2.78739597	5.75841472	4.23199794	5.97871709	2.89627240	1.90669891	2.60496989	3.63992740	3.04509250	6.06565800	1.94304723	6.49382220	6.11616766	4.27296014	4.95388887	4.79864014	5.95909199	3.45320287	3.42555585	3.92452430	0.74654936	1.80014667	6.46381258	0.00000000	4.67786563	2.34341560	4.52526736	6.29370672	2.66698885	4.29125319	7.39176718	3.53290209	5.80765027	4.49980659	3.43536329	3.85959962	1.90574906	6.26259104	5.40269738	6.17078659	6.51123998	1.82428801	4.14658270	4.15409342	6.25513715	5.65470532	4.93100579	6.86660304	5.79927207	2.61654615	2.94699510
1.59556273	3.33227852	1.44943697	2.11099349	1.89035176	2.57383115	1.38595338	2.79412172	3.59226399	2.77098002	2.63568590	4.97299282	4.21817270	2.88109576	2.73462240	3.30930287	1.43824451	5.24493983	1.65008797	1.61414113	3.64151965	3.15690288	1.25224364	2.66066993	4.77653825	3.33696438	4.56120996	4.67751144	0.00000000	5.06770262	1.04277994	1.61574476	2.30294992	4.31877913	4.20718124	1.25903571	2.62299894	1.31526404	3.78746874	3.17366136	2.77190838	1.58466300	0.74567876	2.98621589	3.84027163	3.65353540	0.53126663	5.43848511	3.87746498	3.58316438	1.74648461	3.68205967	1.30582815	5.39832226	5.17899420
4.70047404	8.39928040	3.61787249	5.05281708	4.34037282	7.64075462	6.11464162	7.86102356	1.47527135	3.69391958	2.43179456	1.29633437	0.84940199	7.94805833	3.45094792	8.37634403	4.90591281	1.92932105	6.71702113	6.68121952	7.84180307	1.91055062	4.85090949	2.40670376	2.63006997	3.68334932	8.34657658	2.34335696	5.06709206	0.00000000	6.10979857	5.59019756	2.76449799	1.94749365	9.27410037	3.80825466	7.68979827	6.38226267	5.31841484	5.74251878	3.21782202	4.86793611	4.32141502	8.05316295	8.39390599	1.41409340	5.23645299	1.81049418	8.13784057	7.53744777	6.81352238	8.74905681	6.37271997	0.33061489	0.60351671
1.44302725	2.28950589	2.49234406	1.95846388	1.76984160	1.53109280	1.23335933	1.75139282	4.63526983	2.61852323	3.67866775	6.01602163	5.26119574	1.83834032	2.65947204	2.53968034	1.59089682	6.28795562	0.60734539	1.29572381	3.48894466	4.19987293	1.25916873	3.70360509	4.62419216	3.18452838	4.40864993	4.52518870	1.04281205	6.11078160	0.00000000	1.76842816	3.34591753	5.36176086	3.16444479	2.30193445	1.58031486	0.27249284	3.63499003	3.02114521	2.89263001	1.73731923	1.78849156	1.94346723	3.68768389	4.69658211	0.87349403	6.48151217	3.72488782	3.43059826	0.93575036	2.63928913	1.27399092	6.44140331	6.22205543
3.21117229	3.85488440	2.80145103	3.72659767	3.50593973	2.14613282	3.00161647	2.27083425	4.11529830	4.38651764	3.68820267	5.49600613	4.74119129	2.92718389	4.35015321	4.30800343	0.68432745	5.76796505	1.33980124	3.06401576	5.25716532	3.67996991	2.86786948	3.18376885	6.39197467	4.95248299	6.17684195	6.29292650	1.61567425	5.59067007	1.76834195	0.00000000	3.62621451	4.84183548	3.72687583	2.76045026	2.09967053	1.79849592	5.40302641	4.78925324	4.38743027	0.72229878	1.26888954	2.84442588	5.45592895	4.46874422	2.14692895	5.96150003	5.49311263	5.19880194	2.70407629	4.14713583	0.78253668	5.92128780	5.70197788
1.93614928	5.63518075	0.85349815	2.28848030	1.57599980	4.87672499	3.35043650	5.09701325	1.28930473	0.92943405	0.33273251	2.67002795	1.91520924	5.18399379	0.72393961	5.61220930	3.44887766	2.94197814	3.95298285	3.91705154	5.07755901	0.85395237	2.08662111	1.25748698	2.76583023	1.32627832	5.58230195	2.66679771	2.30291188	2.76472550	3.34568397	3.62637030	0.00000000	2.01582576	6.51007462	1.04389737	4.92587950	3.61816592	2.55397411	2.97815452	0.76122320	3.59529520	2.73547730	5.28911226	5.62968797	1.35056616	2.47224614	3.13552067	5.37360094	4.77318559	4.04939068	5.98496140	3.60871861	3.09534462	2.87602142
3.95167374	7.65036956	2.86909653	4.30402268	3.59159620	6.89180941	5.36578257	7.11206887	1.39487135	2.94519822	1.68628278	0.65405878	1.24597314	7.19913025	2.70223404	7.62745042	4.15699532	0.92604864	5.96808017	5.93234222	7.09296313	1.16183782	4.10209132	1.65795596	4.38984005	2.95056200	7.59775166	4.29073640	4.31822077	1.94739609	5.36089508	4.84124889	2.01578275	0.00000000	8.52515326	3.05947033	6.94079864	5.63335041	4.56967149	4.99373787	2.46911792	4.11901469	3.57254448	7.30422808	7.64505327	2.46667021	4.48759479	1.11955685	7.38899846	6.78861674	6.06462728	8.00014389	5.62376088	1.67425613	1.34389719
4.57473455	0.87509386	5.65751986	4.22243605	4.93501462	1.63336012	3.16012354	1.62262790	7.80086870	5.58188486	6.84416385	9.18171893	8.42686833	1.32618580	5.82491294	0.89816024	4.36841118	9.45359714	2.55712567	2.59340796	1.53095180	7.36531851	4.42416427	6.86890118	6.64657263	5.59261257	2.45072119	7.39321619	4.20758068	9.27669384	3.16463111	3.72688544	6.51135264	8.52725646	0.00000000	5.46707450	3.03642815	2.89210083	3.95722357	3.53283620	6.05811269	4.40635827	4.95326342	1.22102987	1.72963644	7.86235607	4.03831859	9.64720195	1.76688568	1.73752887	2.46097066	0.52530173	3.23249271	9.60732443	9.38789162
0.89225428	4.59130218	0.19040046	1.24458443	0.74549577	3.83285153	2.30655023	4.05314120	2.33321805	1.62611877	1.37664226	3.71394469	2.95912512	4.14011778	1.58976044	4.56832817	2.58308708	3.98589295	2.90910876	2.87316799	4.03366991	1.89786036	1.04272877	1.40163074	3.63166644	2.19210114	4.53841062	3.53263740	1.25902743	3.80864971	2.30180431	2.76058436	1.04390763	3.05973549	5.46620145	0.00000000	3.88201414	2.57428757	2.64260959	2.02880577	1.62704549	2.72950520	1.86967974	4.24523726	4.58580076	2.39448557	1.42835975	4.17943715	4.32971216	3.72929516	3.00550977	4.94108314	2.56484722	4.13926915	3.91994299
2.99006111	3.16431883	4.07275264	3.03630305	3.35024991	1.45548724	2.31117142	1.41362712	6.21571991	3.99690734	5.25910775	7.59648136	6.84165305	2.23657820	4.23990663	3.61747794	2.78418915	7.86840989	0.97299406	2.37352825	4.56676475	5.78030798	2.83955964	5.28402548	5.70210844	4.26240689	5.48647632	5.80772069	2.62318069	7.69126241	1.58035515	2.09978915	4.92635155	6.94220081	3.03622582	3.88233953	0.00000000	1.30785864	4.71285058	4.09899003	4.47306869	2.82215135	3.36886052	2.15380437	4.76549863	6.27704936	2.45386816	8.06197117	4.80270700	4.50842208	2.01354734	3.45656541	1.31722821	8.02188499	7.80252878
1.68218381	2.05639156	2.76487129	1.92835639	2.04236867	1.25860828	1.20323552	1.47891070	4.90782206	2.68901690	3.95121391	6.28857968	5.53375233	1.56585148	2.93201494	2.50954781	1.62103538	6.56051037	0.45875670	1.26559540	3.45882567	4.47241611	1.53168531	3.97613943	4.59413112	3.15444458	4.37853473	4.49980786	1.31531522	6.38335235	0.27249505	1.79857459	3.61846008	5.63430699	2.89196075	2.57445957	1.30784407	0.00000000	3.60489541	2.99104111	3.16517537	1.76745878	2.06099492	1.67098010	3.65756168	4.96914468	1.14600051	6.75406977	3.69476828	3.40048152	0.90561745	2.36679646	1.30413998	6.71397458	6.49462169
2.19209777	3.08181145	2.60171487	1.67664715	1.89722895	3.25775727	2.40190495	3.29963590	3.84351885	1.62461950	2.88685972	5.22432529	4.46948568	2.63068674	1.86763337	3.05877780	5.22629965	5.49622832	4.06407068	2.33958371	2.52393365	3.40803686	2.53547702	3.03429613	2.68909627	1.63530757	3.02862239	3.43569533	3.78789956	5.31920458	3.63536964	5.40390488	2.55407564	4.56995256	3.95683634	2.64275146	4.71335071	3.60525318	0.00000000	0.61393384	2.10081453	5.37273135	4.51272971	2.73582975	3.07610877	3.90492832	3.25658884	5.68981166	2.81998343	2.21952809	2.69959938	3.43159961	4.90949235	5.64983122	5.43043619
1.57816087	2.65747490	2.12467347	1.06271118	1.40216957	2.64379747	1.78795876	2.68567459	4.26781842	2.04892610	3.31116310	5.64862122	4.89378253	2.20634746	2.29193879	2.63444397	4.61234422	5.92052631	3.45011154	1.72563464	2.09960831	3.83234211	1.92153729	3.33599682	3.11338531	2.05961087	2.60429942	3.85998067	3.17395143	5.74349255	3.02141642	4.78994453	2.97838128	4.99425595	3.53249406	2.02881708	4.09938231	2.99129858	0.61392790	0.00000000	2.52511840	4.75877531	3.89878170	2.31148941	2.65178141	4.32922141	2.64264278	6.11410786	2.39565774	1.79520415	2.08564749	3.00726273	4.29553035	6.07411886	5.85472697
1.48294538	5.18208880	1.58609999	1.83527042	1.12277190	4.42366787	2.89729210	4.64396573	1.74263363	0.47615019	0.78603703	3.12338019	2.36855562	4.73091930	0.23315574	5.15909991	4.21031700	3.39531715	3.49992143	3.46392562	4.62439525	1.54744967	1.63343530	2.01875444	2.00470203	0.56505877	5.12912299	1.90569324	2.77203697	3.21812871	2.89258459	4.38784123	0.76123448	2.46913017	6.05701943	1.62711483	4.47287751	3.16507542	2.10071253	2.52493098	0.00000000	4.35673852	3.49686908	4.83604466	5.17653715	1.80393658	2.24076027	3.58887113	4.92043938	4.32001281	3.59628280	5.53187156	3.89340161	3.54874995	3.32940660
3.18004554	3.82382138	2.77031024	3.69546752	3.47479932	2.77283738	2.97052359	2.99311384	3.39285854	4.35534538	3.65701865	4.77355308	4.01874158	3.08012750	4.31897663	4.27693048	0.14641266	5.04551953	1.84910053	3.03293339	5.22606142	2.95755084	2.83675303	2.46136997	6.36073838	4.92129870	6.14572939	6.26167671	1.58458843	4.86818801	1.73727469	0.72228306	3.59503871	4.11940966	4.40618465	2.72931430	2.82192420	1.76743372	5.37186683	4.75811531	4.35624806	0.00000000	0.85975462	3.18523751	5.42483241	4.43752268	2.11583558	5.23904800	5.46200998	5.16769291	2.67300420	4.11607400	1.50481374	5.19880455	4.97950609
2.32030928	4.07790785	1.91058034	2.83573279	2.61506925	3.31941831	2.11077198	3.53969725	2.84634772	3.49562974	2.79730834	4.22704828	3.47223527	3.62670395	3.45926295	4.05495333	0.71335422	4.49901132	2.39568035	2.35981161	4.36631480	2.41103064	1.97701209	1.91484062	5.50105177	4.06158851	5.28598670	5.40199622	0.74567784	4.32169636	1.78841828	1.26886490	2.73532468	3.57289252	4.95276607	1.86958221	3.36851935	2.06089163	4.51214544	3.89838411	3.49653693	0.85976791	0.00000000	3.73181574	4.56508246	3.57782938	1.25608419	4.69254274	4.60226279	4.30794861	2.49213324	4.42768646	2.05139830	4.65231345	4.43300979
3.35346874	1.01056490	4.43621137	3.00115989	3.71370727	0.69833884	1.93896074	0.74021886	6.57938653	4.36048065	5.62272387	7.96019635	7.20535589	0.10514402	4.60349562	1.46376016	3.14735084	8.23209746	1.50465162	1.37227713	2.41315962	6.14389927	3.20292978	5.64754331	5.42497371	4.37117178	3.33290269	6.17157621	2.98643934	8.05508302	1.94354623	2.84448696	5.28993769	7.30581668	1.22100839	4.24578069	2.15394030	1.67103132	2.73585792	2.31153639	4.83667821	3.18530481	3.73212075	0.00000000	2.61186667	6.64080201	2.81715429	8.42568246	2.64909731	2.35483563	1.23987106	1.30280711	2.35007596	8.38570996	8.16631202
3.69386465	1.60144479	4.77666718	3.34157032	4.05416148	3.31043312	2.45435609	3.35233648	6.92008611	4.70107081	5.96336423	8.30095264	7.54609795	2.52926401	4.94410418	1.14820715	5.27890320	8.57282161	4.11673545	2.39208242	0.55220846	6.48451052	3.54328173	5.98806843	5.76583715	4.71181328	0.72110442	6.51249729	3.84038262	8.39596316	3.68793668	5.45658975	5.63054291	7.64645676	1.72970321	4.58621590	4.76616851	3.65784308	3.07639395	2.65198002	5.17731085	5.42534514	4.56521081	2.61206883	0.00000000	6.98160248	3.30903776	8.76643442	0.25615301	0.85663723	2.75214453	1.30920770	4.96220440	8.72659523	8.50714834
3.28664578	6.98563040	2.20400497	3.63897930	2.92650634	6.22716007	4.70090810	6.44744431	1.07190598	2.27996400	1.01780609	1.81560506	1.22075909	6.53443613	2.03698029	6.96266626	4.29134102	2.44861281	5.30341973	5.26751542	6.42803872	1.62876779	3.43711004	2.10002227	1.92323670	2.26936010	6.93278802	1.82419426	3.65337829	1.41414562	4.69613673	4.46882045	1.35053255	2.46684051	7.86050889	2.39440064	6.27629151	4.96861497	3.90449474	4.32865924	1.80383861	4.43775690	3.57796056	6.63955172	6.98016225	0.00000000	3.82271810	2.32976771	6.72407972	6.12366907	5.39984700	7.33541017	4.95914781	1.74476387	1.52544908
1.06432993	3.16297820	1.61881609	1.57976413	1.35913280	2.40455092	0.87819106	2.62484703	3.76170099	2.23979334	2.80510885	5.14244329	4.38761979	2.71180552	2.20344009	3.13999249	1.96954578	5.41438267	1.48080526	1.44482122	3.11026369	3.32631891	0.72100040	2.83006551	4.24541646	2.80578989	4.02996277	4.14640333	0.53127428	5.23718250	0.87347534	2.14706425	2.47236451	4.48820200	4.03790213	1.42840994	2.45375052	1.14596456	3.25626921	2.64243989	2.24073178	2.11596657	1.25610653	2.81692962	3.30900820	3.82299636	0.00000000	5.60793455	3.34620775	3.05191362	1.57717510	3.51276058	1.65262271	5.56780335	5.34846367
5.07111195	8.76971715	3.98855471	5.42346573	4.71105385	8.01112880	6.48517262	8.23138049	1.84613386	4.06470116	2.80261327	0.51415660	1.22029590	8.31846370	3.82174311	8.74681212	5.27633744	0.19349895	7.08740305	7.05171731	8.21236886	2.28134779	5.22151489	2.77743724	4.25284890	4.05416886	8.71716969	4.15372606	5.43760078	1.81039938	6.48024868	5.96056545	3.13529071	1.11951957	9.64447109	4.17892164	8.06007340	6.75269683	5.68915639	6.11319199	3.58863501	5.23835360	4.69192511	8.42355596	8.76444851	2.32970005	5.60698554	0.00000000	8.50840240	7.90802976	7.18398777	9.11948977	6.74306889	1.53725772	1.20691508
3.43770401	1.63868900	4.52050210	3.08540861	3.79799652	3.34767106	2.49160974	3.38957268	6.66390296	4.44489577	5.70718547	8.04476529	7.28991165	2.56650507	4.68792778	1.18545450	5.31614620	8.31663664	4.15397416	2.42933275	0.29605505	6.22833392	3.28712435	5.73189821	5.50964186	4.45563443	0.68384454	6.25629773	3.87763405	8.13976663	3.72518223	5.49382706	5.37436676	7.39027803	1.76694080	4.33005235	4.80339652	3.69508703	2.82022293	2.39581584	4.92113266	5.46258742	4.60246237	2.64930865	0.25615107	6.72541186	3.34629157	8.51024739	0.00000000	0.60048220	2.78939161	1.34645152	4.99943980	8.47039831	8.25095506
2.83719890	1.34439304	3.91997883	2.48489909	3.19747374	3.05334946	2.19735240	3.09524401	6.06330582	3.84433179	5.10660628	7.44415097	6.68930164	2.27219626	4.08735822	0.89117138	5.02184527	7.71603206	3.85965573	2.13506180	0.30442051	5.62776355	2.68663256	5.13135394	4.90899507	3.85505490	0.97807642	5.65563347	3.58336758	7.53911478	3.43089174	5.19950288	4.77379822	6.78969892	1.73750324	3.72953532	4.50903433	3.40079001	2.21967535	1.79529627	4.32055581	5.16828357	4.30819646	2.35499477	0.85661710	6.12478415	3.05203486	7.90963438	0.60047394	0.00000000	2.49510739	1.21220906	4.70510785	7.86974491	7.65031648
2.11348861	1.58583111	3.19620323	1.76117298	2.47369988	0.82746501	0.69904820	1.04777800	5.33926442	3.12040970	4.38262944	6.72004773	5.96521393	1.13468911	3.36341607	1.60393201	2.52667780	6.99196386	1.36442528	0.35999780	2.55326971	4.90381846	1.96297020	4.40750277	4.18477500	3.13107683	3.47299551	4.93135055	1.74654089	6.81487650	0.93576183	2.70425175	4.04985970	6.06572240	2.46081960	3.00578218	2.01364644	0.90563658	2.69944711	2.08555095	3.59658740	2.67310557	2.49222143	1.23982530	2.75199147	5.40063274	1.57724077	7.18553586	2.78920990	2.49493548	0.00000000	1.93561719	2.20982876	7.14550105	6.92612599
4.04942298	0.34979194	5.13220616	3.69712396	4.40970098	2.00119976	2.63481710	2.04309558	7.27554636	5.05656640	6.31884360	8.65639457	7.90154448	1.22004427	5.29959383	0.37285681	3.96969187	8.92827392	2.80750546	2.06810311	1.11047410	6.83999930	3.89885426	6.34358503	6.12124447	5.06729229	2.03024218	6.86788599	3.68227531	8.75136509	2.63932855	4.14735364	5.98603364	8.00193623	0.52529875	4.94176154	3.45689189	2.36679904	3.43190703	3.00752293	5.53279272	4.11613069	4.42795798	1.30284369	1.30915985	7.33703014	3.51301208	9.12187775	1.34640817	1.21221998	1.93566737	0.00000000	3.65296000	9.08199550	8.86256442
2.71688429	3.36047867	2.75529330	3.23231595	3.01167697	1.65169048	2.50726591	1.60984233	4.89813555	3.89231372	3.94155376	6.27886792	5.52404691	2.43275981	3.85595725	3.81361605	1.46690844	6.55081293	0.84536342	2.56964576	4.76283511	4.46276892	2.37356245	3.96653059	5.89788902	4.45830128	5.68252773	5.79886580	1.30584166	6.37358546	1.27394404	0.78254778	3.60881558	5.62464697	3.23243146	2.56489076	1.31717703	1.30408867	4.90879906	4.29498590	3.89324473	1.50487559	2.05152054	2.34999455	4.96158512	4.95941326	1.65257929	6.74435994	4.99878011	4.70448121	2.20968733	3.65272788	0.00000000	6.70420541	6.48487430
5.03098877	8.72973945	3.94839949	5.38333479	4.67089948	7.97119636	6.44512676	8.19146052	1.80584824	4.02447407	2.76235933	1.02317010	1.17998757	8.27850870	3.78150618	8.70681176	5.23636851	1.65615020	7.04746501	7.01169547	8.17229784	2.24110942	5.18141522	2.73724494	2.96068039	4.01391432	8.67707891	2.61648750	5.39757104	0.33061385	6.44026132	5.92063755	3.09505557	1.67430559	9.60454115	4.13877744	8.02021259	6.71272101	5.64895826	6.07304328	3.54838520	5.19838983	4.65189437	8.38360990	8.72439432	1.74469094	5.56693856	1.53732902	8.46833424	7.86794702	7.14398936	9.07951481	6.70315471	0.00000000	0.33036882
4.81169949	8.51043993	3.72911246	5.16404605	4.45161240	7.75189365	6.22583204	7.97215694	1.58657040	3.80519211	2.54307926	0.69279827	0.96071133	8.05920758	3.56222491	8.48751384	5.01706838	1.32577716	6.82816270	6.79239906	7.95300489	2.02182826	4.96212429	2.51796053	3.04594731	3.79463428	8.45778735	2.94685312	5.17827518	0.60350609	6.22096248	5.70133453	2.87577417	1.34392939	9.38523827	3.91948964	7.80090485	6.49342136	5.42967426	5.85375580	3.32910484	4.97908933	4.43259859	8.16430815	8.50510018	1.52541690	5.34764392	1.20695702	8.24904109	7.64865490	6.92469130	8.86021510	6.48385073	0.33036697	0.00000000

DEMAND_SECTION
0 0
1 1
2 1
3 1
4 1
5 1
6 1
7 1
8 1
9 1
10 1
11 1
12 1
13 1
14 1
15 1
16 1
17 1
18 1
19 1
20 1
21 1
22 1
23 1
24 1
25 1
26 1
27 1
28 1
29 1
30 1
31 1
32 1
33 1
34 1
35 1
36 1
37 1
38 1
39 1
40 1
41 1
42 1
43 1
44 1
45 1
46 1
47 1
48 1
49 1
50 1
51 1
52 1
53 1
54 1

LOGISTIC_LOAD_SECTION
0	0
1	0
2	0
3	0
4	0
5	0
6	0
7	0
8	0
9	0
10	0
11	0
12	0
13	0
14	0
15	0
16	0
17	0
18	0
19	0
20	0
21	0
22	0
23	0
24	0
25	0
26	0
27	0
28	0
29	0
30	0
31	0
32	0
33	0
34	0
35	0
36	0
37	0
38	0
39	0
40	0
41	0
42	0
43	0
44	0
45	0
46	0
47	0
48	0
49	0
50	0
51	0
52	0
53	0
54	0

AVAILABILITY_LANDING_SPOT_SECTION
0	1
1	1
2	1
3	1
4	1
5	1
6	1
7	1
8	1
9	1
10	1
11	1
12	1
13	1
14	1
15	1
16	1
17	1
18	1
19	1
20	1
21	1
22	1
23	1
24	1
25	1
26	1
27	1
28	1
29	1
30	1
31	1
32	1
33	1
34	1
35	1
36	1
37	1
38	1
39	1
40	1
41	1
42	1
43	1
44	1
45	1
46	1
47	1
48	1
49	1
50	1
51	1
52	1
53	1
54	1

CUSTOMER_DRONE_PREFERENCE_SECTION
0	1
1	1
2	1
3	1
4	1
5	1
6	1
7	1
8	1
9	1
10	1
11	1
12	1
13	1
14	1
15	1
16	1
17	1
18	1
19	1
20	1
21	1
22	1
23	1
24	1
25	1
26	1
27	1
28	1
29	1
30	1
31	1
32	1
33	1
34	1
35	1
36	1
37	1
38	1
39	1
40	1
41	1
42	1
43	1
44	1
45	1
46	1
47	1
48	1
49	1
50	1
51	1
52	1
53	1
54	1

PRICE_SECTION
0	3
1	3
2	3
3	3
4	3
5	3
6	3
7	3
8	3
9	3
10	3
11	3
12	3
13	3
14	3
15	3
16	3
17	3
18	3
19	3
20	3
21	3
22	3
23	3
24	3
25	3
26	3
27	3
28	3
29	3
30	3
31	3
32	3
33	3
34	3
35	3
36	3
37	3
38	3
39	3
40	3
41	3
42	3
43	3
44	3
45	3
46	3
47	3
48	3
49	3
50	3
51	3
52	3
53	3
54	3

PRIORITY_DELIVERY_TIME_SECTION
0	0
1	0
2	0
3	0
4	0
5	0
6	0
7	0
8	0
9	0
10	0
11	0
12	0
13	0
14	0
15	0
16	0
17	0
18	0
19	0
20	0
21	0
22	0
23	0
24	0
25	0
26	0
27	0
28	0
29	0
30	0
31	0
32	0
33	0
34	0
35	0
36	0
37	0
38	0
39	0
40	0
41	0
42	0
43	0
44	0
45	0
46	0
47	0
48	0
49	0
50	0
51	0
52	0
53	0
54	0

EOF
