NAME: multi_modal_data
TYPE: MM

VEHICLES: 2
DIMENSION: 49

NUM_T: 2
NUM_D: 1

MAXIMUM_SYSTEM_DURATION: 300
UNIT: MIN

SERVICETIME: 5
UNIT: MIN

TAKEOFF_LANDING_TIME: 2
UNIT: MIN

MAX_WAITING_TIME: 99999999
UNIT: MIN

INIT_SOC: 100
MAX_SOC: 100
MIN_SOC_T: 3
MIN_SOC_D: 3
UNIT: %

DEMAND_T: 25
DEMAND_D: 0
UNIT: EA

MASS_T: 1940
MASS_D: 15
UNIT: KG

LIFT_TO_DRAG: 3
POWER_MOTOR_PROP: 0.5
UNIT: RATIO

POWER_ELEC: 0.1
UNIT: KW

CARGO_LIMIT_TRUCK: 99999999999999
UNIT: KG

CARGO_LIMIT_DRONE: 6
UNIT: KG

BATTERY_KWH_T: 100
BATTERY_KWH_D: 0.3
UNIT: KWH 

ENERGY_KWH/KM_T: 1.0
ENERGY_KWH/KM_D: 0.1
UNIT: KWH/KM

CHARGING_KW_D: 0.5
CHARGING_KW_T: 80
UNIT: KW 

LOSISTIC_KWH/KG_T: 0.001
LOSISTIC_KWH/KG_D: 0.001
UNIT: KWH/KG

SPEED_T: 0.3
SPEED_D: 1.0
UNIT: KM/MIN

ALTITUDE: 100
UNIT: M

CURVY_AIR: 1.0
UNIT: RATIO

CURVY_ROAD: 1.2
UNIT: RATIO

DEPOT_SECTION
0

EDGE_KM_D_TYPE: EUC_2D(haversine)
EDGE_KM_T_TYPE: MAN_2D(haversine)
EDGE_KM_D_FORMAT : FULL_MATRIX
EDGE_KM_T_FORMAT : FULL_MATRIX

NODE_COORD_SECTION
0	37.58065018	127.05467538
1	37.58768004	127.03645236
2	37.57370761	127.07375601
3	37.57324577	127.04625656
4	37.56966208	127.05777722
5	37.56806151	127.06255909
6	37.57280664	127.05618563
7	37.58535663	127.06611081
8	37.58059797	127.05769733
9	37.58605372	127.05090137
10	37.57178782	127.07782988
11	37.57976610	127.02557338
12	37.58443706	127.06431943
13	37.57576856	127.06296706
14	37.57861450	127.03551585
15	37.57443584	127.02565494
16	37.56859595	127.05865910
17	37.56618555	127.05732208
18	37.59612220	127.06315441
19	37.57943793	127.03010233
20	37.59030926	127.06724594
21	37.57616659	127.03588598
22	37.57256986	127.04776172
23	37.58484283	127.06875328
24	37.57834940	127.02790762
25	37.60232742	127.06966751
26	37.59253189	127.05833153
27	37.58876193	127.04428721
28	37.59324327	127.06316040
29	37.57477448	127.04746735
30	37.59027909	127.05624460
31	37.59210674	127.05174421
32	37.59227162	127.05622283
33	37.57769384	127.05328536
34	37.57522663	127.04487817
35	37.59350494	127.06271062
36	37.59874552	127.06851470
37	37.58187004	127.06404354
38	37.56942602	127.05264578
39	37.57311376	127.03122624
40	37.56164960	127.06846560
41	37.57603367	127.05638994
42	37.58098248	127.05505744
43	37.58442680	127.05249375
44	37.57610961	127.07357146
45	37.58480682	127.07105776
46	37.57617550	127.03786980
47	37.57055250	127.06201019
48	37.59003282	127.06672273

EDGE_KM_D
0.00000000	1.78592187	1.85023710	1.10829520	1.25202783	1.56274093	0.88225867	1.13547005	0.26636303	0.68674123	2.26602925	2.56641359	0.94842931	0.91025716	1.70349777	2.64914291	1.38558620	1.62522090	1.87563076	2.16962592	1.54288470	1.72922934	1.08558886	1.32524142	2.37268758	2.74862187	1.35989893	1.28510225	1.58738626	0.91123753	1.07957989	1.29983201	1.29942104	0.35081012	1.05314512	1.59512900	2.35276996	0.83660014	1.26082284	2.22993373	2.43740178	0.53510729	0.04998876	0.46185391	1.74006260	1.51578829	1.56232743	1.29558425	1.48842286
1.78592187	0.00000000	3.63592210	1.82277873	2.74691686	3.17046942	2.39981586	2.62608351	2.03094244	1.28594225	4.05194553	1.30129301	2.48184951	2.68578757	1.01141568	1.75332062	2.88666122	3.01579487	2.53303633	1.07379704	2.72898105	1.28121157	1.95351506	2.86362545	1.28194672	3.34911667	2.00185082	0.70075290	2.43319444	1.73248003	1.76771322	1.43447042	1.81526612	1.85289874	1.57125517	2.40256399	3.08124287	2.51561533	2.48119577	1.68389906	4.04197101	2.18260884	1.80065404	1.45904568	3.51487205	3.06594618	1.28533200	2.94952768	2.67997944
1.85023710	3.63592210	0.00000000	2.42407392	1.47834985	1.16960337	1.55172187	1.46004563	1.60927512	2.43739327	0.41770192	4.29926353	1.45427981	0.97804288	3.41387272	4.23989235	1.44685540	1.67255320	2.66171043	3.89945528	1.93310409	3.34860640	2.29438067	1.31432447	4.07331918	3.20270768	2.49574337	3.08960019	2.36442142	2.31983473	2.40345571	2.81921021	2.57838485	1.85768232	2.55057231	2.40693244	2.82213879	1.24754279	1.92044367	3.74873826	1.41955582	1.55214753	1.83567042	2.22068599	0.26758519	1.25687444	3.17447680	1.09301445	1.91816864
1.10829520	1.82277873	2.42407392	0.00000000	1.09074144	1.54812771	0.87641656	2.20786918	1.29802914	1.48183274	2.78731414	1.96164097	2.02046945	1.49915715	1.11907823	1.82043015	1.20918913	1.25197605	2.94749404	1.58138434	2.64972082	0.96993718	0.15246329	2.36498791	1.71373446	3.83565503	2.39397993	1.73402700	2.67642269	0.20070147	2.08853546	2.15227333	2.29062208	0.79267226	0.25153884	2.67898784	3.44766431	1.83756249	0.70532465	1.32471007	2.34397815	0.94531684	1.15828325	1.35935419	2.42819804	2.53560789	0.80772268	1.42033001	2.59555419
1.25202783	2.74691686	1.47834985	1.09074144	0.00000000	0.45749100	0.37674639	1.89338723	1.21603675	1.92074938	1.78304524	3.05237448	1.74112940	0.81869184	2.19998212	2.88032891	0.14175620	0.38864922	2.98014435	2.67023044	2.44279116	2.06040857	0.94004896	1.94551815	2.80403638	3.78031318	2.54347893	2.43388043	2.66467613	1.07180326	2.29648476	2.55173095	2.51779761	0.97689497	1.29429068	2.68661534	3.36950378	1.46549405	0.45301870	2.37127327	1.29664205	0.71896107	1.28138965	1.70651155	1.56574085	2.05077050	1.89806925	0.38598386	2.39837678
1.56274093	3.17046942	1.16960337	1.54812771	0.45749100	0.00000000	0.77066527	1.94843739	1.45835356	2.24900487	1.40821823	3.50976535	1.82747727	0.85773995	2.65654221	3.32879997	0.34882975	0.50652373	3.12065156	3.12764438	2.50808194	2.51758861	1.39717992	1.94420537	3.26108025	3.86134292	2.74637078	2.80908296	2.80058974	1.52521564	2.53237885	2.83848582	2.74934156	1.34728178	1.75012698	2.82921657	3.45203642	1.54100383	0.88679225	2.81803865	0.88281148	1.03991771	1.58155518	2.02441839	1.32015550	2.00698075	2.35554863	0.28117906	2.47050017
0.88225867	2.39981586	1.55172187	0.87641656	0.37674639	0.77066527	0.00000000	1.64693913	0.87653958	1.54486273	1.91090108	2.80655632	1.47860072	0.68238333	1.93266703	2.69675945	0.51646929	0.74301519	2.66430548	2.41401463	2.17661149	1.82758158	0.74287437	1.73717992	2.56715637	3.49090574	2.20148624	2.06081829	2.35409936	0.79889050	1.94285714	2.18147063	2.16441173	0.60053931	1.03221219	2.37228220	3.08208923	1.22278460	0.48850515	2.19995377	1.64637137	0.35928097	0.91453347	1.33243448	1.57559869	1.87033720	1.65705099	0.57125688	2.12865873
1.13547005	2.62608351	1.46004563	2.20786918	1.89338723	1.94843739	1.64693913	0.00000000	0.91084713	1.34242950	1.82837815	3.62581903	0.18807498	1.10155151	2.79832305	3.76621333	1.97601521	2.26807529	1.22509154	3.24058495	0.55971733	2.85276284	2.15319271	0.23975101	3.45546565	1.91291040	1.05185910	1.95989124	0.91467644	2.02082171	1.02730354	1.47166501	1.16202515	1.41539193	2.18395706	0.95429972	1.50376971	0.42835593	2.13211779	3.36208557	2.64426107	1.34479523	1.08869711	1.20433527	1.22044067	0.44017363	2.68989912	1.68534390	0.52275685
0.26636303	2.03094244	1.60927512	1.29802914	1.21603675	1.45835356	0.87653958	0.91084713	0.00000000	0.85243700	2.02671045	2.83234322	0.72301233	0.70995514	1.96709913	2.90569107	1.33725348	1.60293107	1.79193540	2.43515593	1.36894118	1.98426486	1.25041822	1.08255977	2.63703923	2.63636294	1.32816960	1.49010167	1.48621204	1.10997672	1.08407776	1.38305527	1.30453870	0.50541469	1.27785698	1.50163666	2.23169242	0.57684445	1.31962628	2.47679154	2.31083872	0.52044014	0.23652819	0.62571303	1.48525988	1.26692024	1.81516877	1.17990068	1.31647394
0.68674123	1.28594225	2.43739327	1.48183274	1.92074938	2.24900487	1.54486273	1.34242950	0.85243700	0.00000000	2.85440950	2.33882044	1.19593606	1.56155241	1.58819679	2.57263925	2.05808353	2.28055379	1.55530614	1.97491842	1.51591164	1.72030928	1.52465264	1.57878961	2.19986512	2.45116926	0.97339553	0.65600154	1.34381738	1.29018642	0.66513877	0.67715050	0.83539463	0.95301952	1.31572828	1.33010023	2.09761166	1.24800363	1.85529827	2.25310398	3.12406919	1.21462868	0.67238389	0.22894303	2.28331173	1.78150356	1.58909529	1.98226137	1.46259563
2.26602925	4.05194553	0.41770192	2.78731414	1.78304524	1.40821823	1.91090108	1.82837815	2.02671045	2.85440950	0.00000000	4.68989912	1.84278879	1.38262505	3.80553064	4.60762307	1.72647256	1.91180111	2.99899607	4.29127045	2.26083657	3.72842389	2.65138211	1.65743390	4.45964864	3.47118077	2.87624093	3.50705910	2.71343728	2.69639004	2.80102906	3.22313722	2.96869845	2.26056878	2.92910187	2.75798023	3.10791422	1.65315490	2.23504506	4.10988520	1.39715845	1.94758299	2.25228516	2.63822675	0.60974067	1.56583644	3.55529696	1.40098415	2.25251964
2.56641359	1.30129301	4.29926353	1.96164097	3.05237448	3.50976535	2.80655632	3.62581903	2.83234322	2.33882044	4.68989912	0.00000000	3.45357689	3.32516380	0.88547132	0.59274264	3.16934257	3.17952414	3.77795563	0.40076841	3.85464060	0.99302981	2.11278246	3.84664454	0.25909176	4.62467756	3.21663953	1.92868580	3.63523367	2.00766812	2.94462236	2.68344108	3.03765183	2.45293430	1.77454569	3.61136967	4.33239588	3.39810745	2.64844873	0.89181699	4.28348689	2.74723530	2.60171030	2.42817010	4.24931861	4.04707074	1.15483226	3.37058212	3.80140897
0.94842931	2.48184951	1.45427981	2.02046945	1.74112940	1.82747727	1.47860072	0.18807498	0.72301233	1.19593606	1.84278879	3.45357689	0.00000000	0.97123402	2.61946156	3.58412791	1.83072190	2.12109708	1.30337829	3.06602645	0.70203384	2.66904970	1.96731988	0.39329337	3.27926204	2.04436441	1.04334084	1.82946843	0.98451862	1.83297213	0.96344353	1.39823560	1.12600356	1.22786532	1.99599423	1.01821998	1.63340533	0.28647344	1.96071553	3.17649440	2.56006478	1.16679153	0.90203842	1.04204556	1.23375457	0.59518291	2.50529697	1.55724886	0.65726895
0.91025716	2.68578757	0.97804288	1.49915715	0.81869184	0.85773995	0.68238333	1.10155151	0.70995514	1.56155241	1.38262505	3.32516380	0.97123402	0.00000000	2.43976801	3.29158703	0.88331564	1.17600304	2.26328478	2.92481125	1.66023674	2.38698886	1.38643533	1.13053123	3.10294287	3.01165029	1.90823098	2.19019834	1.94317708	1.37042376	1.71880511	2.06844819	1.92889035	0.87966006	1.59527074	1.97232849	2.60126774	0.68505466	1.15100384	2.81281862	1.64305315	0.58037290	0.90662909	1.33367866	0.93530524	1.23222214	2.21221284	0.58609840	1.62027377
1.70349777	1.01141568	3.41387272	1.11907823	2.19998212	2.65654221	1.93266703	2.79832305	1.96709913	1.58819679	3.80553064	0.88547132	2.61946156	2.43976801	0.00000000	0.98542902	2.32401563	2.36714964	3.11781487	0.48576561	3.08357822	0.27414318	1.27139170	3.00966038	0.67111657	4.00090029	2.53706339	1.36768410	2.92910232	1.13650295	2.24023235	2.07259490	2.37389530	1.56927358	0.90699818	2.91266465	3.66945238	2.53984988	1.82289602	0.71904757	3.46291033	1.86179088	1.74207011	1.62973210	3.36521695	3.20676199	0.34144558	2.50109119	3.02882747
2.64914291	1.75332062	4.23989235	1.82043015	2.88032891	3.32879997	2.69675945	3.76621333	2.90569107	2.57263925	4.60762307	0.59274264	3.58412791	3.29158703	0.98542902	0.00000000	2.98033961	2.93785525	4.09064606	0.68042401	4.06785930	0.92195097	1.95928994	3.97033051	0.47831274	4.96568665	3.51281710	2.28766448	3.91099461	1.92266931	3.22017722	3.02424502	3.34495631	2.46178920	1.69639545	3.89332611	4.64427878	3.48251199	2.44311304	0.51253298	4.03216252	2.71443559	2.69141342	2.61304145	4.22688577	4.16390203	1.09371328	3.23300072	4.01299580
1.38558620	2.88666122	1.44685540	1.20918913	0.14175620	0.34882975	0.51646929	1.97601521	1.33725348	2.05808353	1.72647256	3.16934257	1.83072190	0.88331564	2.32401563	2.98033961	0.00000000	0.29278662	3.08630935	2.79054687	2.53021390	2.17642180	1.05719957	2.01370925	2.91908006	3.87417491	2.66171466	2.57530750	2.76921638	1.20203700	2.42042842	2.68436004	2.64135660	1.11700653	1.42081520	2.79267276	3.46314362	1.55041383	0.53796266	2.46938382	1.15917868	0.85087295	1.41342199	1.84225598	1.55733021	2.10787433	2.01674088	0.36682658	2.48733623
1.62522090	3.01579487	1.67255320	1.25197605	0.38864922	0.50652373	0.74301519	2.26807529	1.60293107	2.28055379	1.91180111	3.17952414	2.12109708	1.17600304	2.36714964	2.93785525	0.29278662	0.00000000	3.36824985	2.81535473	2.82139770	2.19109976	1.10179003	2.30625664	2.92397966	4.16343011	2.93093360	2.76071380	3.05235778	1.29091666	2.68076554	2.92392116	2.90225955	1.32819873	1.48777647	3.07467167	3.75244564	1.84188947	0.54745256	2.42554066	1.10413879	1.09814000	1.65740692	2.07248942	1.80794077	2.39846932	2.04280781	0.63758811	2.77809280
1.87563076	2.53303633	2.66171043	2.94749404	2.98014435	3.12065156	2.66430548	1.22509154	1.79193540	1.55530614	2.99899607	3.77795563	1.30337829	2.26328478	3.11781487	4.09064606	3.08630935	3.36824985	0.00000000	3.45303215	0.74009988	3.27063699	2.94930052	1.34774015	3.68118310	0.89740467	0.58304313	1.85289225	0.32012262	2.74689651	0.89038225	1.09999906	0.74585115	2.22602665	2.82701963	0.29364036	0.55507685	1.58670504	3.10956461	3.80273885	3.86165166	2.31190319	1.82839925	1.60422330	2.40717790	1.43806303	3.14375591	2.84501167	0.74653861
2.16962592	1.07379704	3.89945528	1.58138434	2.67023044	3.12764438	2.41401463	3.24058495	2.43515593	1.97491842	4.29127045	0.40076841	3.06602645	2.92481125	0.48576561	0.68042401	2.79054687	2.81535473	3.45303215	0.00000000	3.48907171	0.62617673	1.73355480	3.45853462	0.22815813	4.31633093	2.88221608	1.62396521	3.29264719	1.61577659	2.59992754	2.37087691	2.70811848	2.05216773	1.38377142	3.27144547	4.00806431	3.00315563	2.27738558	0.71015713	3.91716361	2.34732045	2.20579390	2.04963276	3.84855452	3.65803159	0.77469436	2.98051005	3.43520306
1.54288470	2.72898105	1.93310409	2.64972082	2.44279116	2.50808194	2.17661149	0.55971733	1.36894118	1.51591164	2.26083657	3.85464060	0.70203384	1.66023674	3.08357822	4.06785930	2.53021390	2.82139770	0.74009988	3.48907171	0.00000000	3.17952894	2.61511975	0.62218176	3.71273489	1.35328347	0.82340472	2.03022259	0.48581498	2.45387496	0.96933608	1.38039085	0.99544572	1.86577000	2.58798424	0.53474194	0.94470775	0.97990839	2.65472421	3.70549134	3.18862516	1.85334159	1.49299459	1.45516606	1.67442965	0.69797114	3.02831692	2.24478195	0.05540907
1.72922934	1.28121157	3.34860640	0.96993718	2.06040857	2.51758861	1.82758158	2.85276284	1.98426486	1.72030928	3.72842389	0.99302981	2.66904970	2.38698886	0.27414318	0.92195097	2.17642180	2.19109976	3.27063699	0.62617673	3.17952894	0.00000000	1.12040973	3.05277723	0.74381411	4.16194771	2.68762068	1.58416386	3.06294383	1.03231127	2.38345421	2.25706119	2.53344328	1.54271360	0.79932209	3.05024906	3.81696969	2.56110721	1.65634367	0.53279611	3.29404927	1.80701252	1.77230398	1.72785873	3.32111266	3.24489275	0.17483069	2.38546338	3.12426145
1.08558886	1.95351506	2.29438067	0.15246329	0.94004896	1.39717992	0.74287437	2.15319271	1.25041822	1.52465264	2.65138211	2.11278246	1.96731988	1.38643533	1.27139170	1.95928994	1.05719957	1.10179003	2.94930052	1.73355480	2.61511975	1.12040973	0.00000000	2.29877415	1.86398775	3.83072357	2.40717485	1.82632710	2.66938509	0.24651200	2.10628814	2.20056735	2.31413859	0.74939361	0.38968319	2.67474143	3.43738700	1.76867629	0.55451854	1.45854054	2.19187956	0.85237951	1.13508964	1.38280914	2.30839259	2.46293204	0.95954130	1.27562940	2.56170631
1.32524142	2.86362545	1.31432447	2.36498791	1.94551815	1.94420537	1.73717992	0.23975101	1.08255977	1.57878961	1.65743390	3.84664454	0.39329337	1.13053123	3.00966038	3.97033051	2.01370925	2.30625664	1.34774015	3.45853462	0.62218176	3.05277723	2.29877415	0.00000000	3.67104649	1.94586865	1.25468835	2.19941568	1.05611061	2.18447098	1.25706352	1.70250581	1.37889668	1.57791389	2.36005665	1.10054686	1.54605421	0.53057217	2.22568462	3.55490314	2.57909723	1.46507892	1.28092731	1.43348543	1.05985480	0.20310319	2.88711645	1.69649105	0.60419992
2.37268758	1.28194672	4.07331918	1.71373446	2.80403638	3.26108025	2.56715637	3.45546565	2.63703923	2.19986512	4.45964864	0.25909176	3.27926204	3.10294287	0.67111657	0.47831274	2.91908006	2.92397966	3.68118310	0.22815813	3.71273489	0.74381411	1.86398775	3.67104649	0.00000000	4.54393262	3.11028245	1.85034652	3.52022137	1.76897154	2.82746539	2.59841555	2.93627489	2.23759434	1.53533205	3.49921359	4.23621816	3.20835190	2.39534005	0.65150953	4.02810038	2.52319807	2.41036568	2.26949462	4.03185612	3.86961445	0.91059443	3.12797414	3.65870548
2.74862187	3.34911667	3.20270768	3.83565503	3.78031318	3.86134292	3.49090574	1.91291040	2.63636294	2.45116926	3.47118077	4.62467756	2.04436441	3.01165029	4.00090029	4.96568665	3.87417491	4.16343011	0.89740467	4.31633093	1.35328347	4.16194771	3.83072357	1.94586865	4.54393262	0.00000000	1.47777916	2.69731061	1.16145738	3.63495897	1.78700260	1.94553341	1.62890093	3.09618599	3.72181729	1.15674159	0.41103403	2.32810487	3.95399349	4.69310363	4.52441318	3.14911303	2.70006429	2.50029371	2.93551533	1.95205138	4.03807124	3.59706263	1.39150035
1.35989893	2.00185082	2.49574337	2.39397993	2.54347893	2.74637078	2.20148624	1.05185910	1.32816960	0.97339553	2.87624093	3.21663953	1.04334084	1.90823098	2.53706339	3.51281710	2.66171466	2.93093360	0.58304313	2.88221608	0.82340472	2.68762068	2.40717485	1.25468835	3.11028245	1.47777916	0.00000000	1.30651840	0.43274950	2.19437368	0.31074238	0.58231651	0.18803316	1.70878380	2.26011876	0.40071324	1.13238905	1.28795811	2.61765716	3.21978838	3.54818983	1.84248118	1.31624241	1.03770463	2.26670264	1.41253555	2.56100995	2.46540452	0.78983832
1.28510225	0.70075290	3.08960019	1.73402700	2.43388043	2.80908296	2.06081829	1.95989124	1.49010167	0.65600154	3.50705910	1.92868580	1.82946843	2.19019834	1.36768410	2.28766448	2.57530750	2.76071380	1.85289225	1.62396521	2.03022259	1.58416386	1.82632710	2.19941568	1.85034652	2.69731061	1.30651840	0.00000000	1.73596027	1.58038014	1.06699973	0.75499986	1.12172297	1.46402258	1.50595978	1.70679900	2.40600346	1.90206308	2.27273243	2.08621262	3.69175455	1.77215268	1.28411730	0.86905944	2.93910718	2.39951683	1.50947970	2.55715211	1.98186629
1.58738626	2.43319444	2.36442142	2.67642269	2.66467613	2.80058974	2.35409936	0.91467644	1.48621204	1.34381738	2.71343728	3.63523367	0.98451862	1.94317708	2.92910232	3.91099461	2.76921638	3.05235778	0.32012262	3.29264719	0.48581498	3.06294383	2.66938509	1.05611061	3.52022137	1.16145738	0.43274950	1.73596027	0.00000000	2.47581607	0.69277246	1.01375938	0.62072627	1.93563134	2.57074337	0.04916332	0.77256645	1.26703944	2.80576663	3.59563081	3.54403338	2.00446381	1.53898292	1.35809346	2.11454744	1.16799957	2.92714503	2.52513728	0.47534725
0.91123753	1.73248003	2.31983473	0.20070147	1.07180326	1.52521564	0.79889050	2.02082171	1.10997672	1.29018642	2.69639004	2.00766812	1.83297213	1.37042376	1.13650295	1.92266931	1.20203700	1.29091666	2.74689651	1.61577659	2.45387496	1.03231127	0.24651200	2.18447098	1.76897154	3.63495897	2.19437368	1.58038014	2.47581607	0.00000000	1.88958230	1.96376366	2.09298378	0.60684634	0.23365259	2.47830006	3.24717341	1.66022458	0.74965488	1.44318423	2.35691288	0.79869714	0.96120138	1.16109845	2.30528319	2.35925007	0.86003699	1.36495065	2.39951542
1.07957989	1.76771322	2.40345571	2.08853546	2.29648476	2.53237885	1.94285714	1.02730354	1.08407776	0.66513877	2.80102906	2.94462236	0.96344353	1.71880511	2.24023235	3.22017722	2.42042842	2.68076554	0.89038225	2.59992754	0.96933608	2.38345421	2.10628814	1.25706352	2.82746539	1.78700260	0.31074238	1.06699973	0.69277246	1.88958230	0.00000000	0.44557077	0.22156736	1.42350514	1.95055710	0.67322711	1.43351733	1.16041383	2.34034631	2.91607909	3.36070545	1.58407244	1.03901655	0.72986388	2.19399582	1.44010688	2.25412772	2.25157325	0.92363762
1.29983201	1.43447042	2.81921021	2.15227333	2.55173095	2.83848582	2.18147063	1.47166501	1.38305527	0.67715050	3.22313722	2.68344108	1.39823560	2.06844819	2.07259490	3.02424502	2.68436004	2.92392116	1.09999906	2.37087691	1.38039085	2.25706119	2.20056735	1.70250581	2.59841555	1.94553341	0.58231651	0.75499986	1.01375938	1.96376366	0.44557077	0.00000000	0.39502792	1.60838625	1.97208569	0.97864942	1.65169411	1.57167498	2.52323550	2.78014291	3.69338543	1.83352980	1.27094724	0.85652103	2.61982139	1.88543871	2.15239893	2.56177222	1.33974355
1.29942104	1.81526612	2.57838485	2.29062208	2.51779761	2.74934156	2.16441173	1.16202515	1.30453870	0.83539463	2.96869845	3.03765183	1.12600356	1.92889035	2.37389530	3.34495631	2.64135660	2.90225955	0.74585115	2.70811848	0.99544572	2.53344328	2.31413859	1.37889668	2.93627489	1.62890093	0.18803316	1.12172297	0.62072627	2.09298378	0.22156736	0.39502792	0.00000000	1.64151270	2.14279441	0.58784190	1.30039141	1.34633287	2.55980028	3.06427786	3.57185995	1.80563977	1.25948936	0.93213710	2.35937977	1.54841706	2.41222316	2.46831857	0.95804636
0.35081012	1.85289874	1.85768232	0.79267226	0.97689497	1.34728178	0.60053931	1.41539193	0.50541469	0.95301952	2.26056878	2.45293430	1.22786532	0.87966006	1.56927358	2.46178920	1.11700653	1.32819873	2.22602665	2.05216773	1.86577000	1.54271360	0.74939361	1.57791389	2.23759434	3.09618599	1.70878380	1.46402258	1.93563134	0.60684634	1.42350514	1.60838625	1.64151270	0.00000000	0.79005766	1.94440952	2.69819142	1.05566074	0.92106780	2.00962443	2.22997528	0.33004843	0.39762868	0.75191476	1.79639215	1.75450841	1.36896267	1.10534799	1.81231898
1.05314512	1.57125517	2.55057231	0.25153884	1.29429068	1.75012698	1.03221219	2.18395706	1.27785698	1.31572828	2.92910187	1.77454569	1.99599423	1.59527074	0.90699818	1.69639545	1.42081520	1.48777647	2.82701963	1.38377142	2.58798424	0.79932209	0.38968319	2.36005665	1.53533205	3.72181729	2.26011876	1.50595978	2.57074337	0.23365259	1.95055710	1.97208569	2.14279441	0.79005766	0.00000000	2.56904948	3.34318423	1.84341656	0.94056473	1.22585920	2.56924687	1.01846479	1.10196003	1.22349422	2.53057345	2.54107902	0.62657741	1.59680988	2.53296093
1.59512900	2.40256399	2.40693244	2.67898784	2.68661534	2.82921657	2.37228220	0.95429972	1.50163666	1.33010023	2.75798023	3.61136967	1.01821998	1.97232849	2.91266465	3.89332611	2.79267276	3.07467167	0.29364036	3.27144547	0.53474194	3.05024906	2.67474143	1.10054686	3.49921359	1.15674159	0.40071324	1.70679900	0.04916332	2.47830006	0.67322711	0.97864942	0.58784190	1.94440952	2.56904948	0.00000000	0.77527907	1.29906433	2.82053366	3.58303591	3.57828009	2.02098042	1.54713552	1.35254833	2.15808057	1.21506508	2.91622599	2.55294516	0.52347207
2.35276996	3.08124287	2.82213879	3.44766431	3.36950378	3.45203642	3.08208923	1.50376971	2.23169242	2.09761166	3.10791422	4.33239588	1.63340533	2.60126774	3.66945238	4.64427878	3.46314362	3.75244564	0.55507685	4.00806431	0.94470775	3.81696969	3.43738700	1.54605421	4.23621816	0.41103403	1.13238905	2.40600346	0.77256645	3.24717341	1.43351733	1.65169411	1.30039141	2.69819142	3.34318423	0.77527907	0.00000000	1.91737940	3.54741206	4.34959185	4.12488619	2.74212788	2.30374075	2.12781126	2.55613630	1.56602744	3.68642383	3.18688997	0.98159063
0.83660014	2.51561533	1.24754279	1.83756249	1.46549405	1.54100383	1.22278460	0.42835593	0.57684445	1.24800363	1.65315490	3.39810745	0.28647344	0.68505466	2.53984988	3.48251199	1.55041383	1.84188947	1.58670504	3.00315563	0.97990839	2.56110721	1.76867629	0.53057217	3.20835190	2.32810487	1.28795811	1.90206308	1.26703944	1.66022458	1.16041383	1.57167498	1.34633287	1.05566074	1.84341656	1.29906433	1.91737940	0.00000000	1.70985260	3.05153630	2.28193941	0.93598570	0.79798797	1.05671402	1.05606208	0.69904560	2.39185989	1.27114833	0.93785961
1.26082284	2.48119577	1.92044367	0.70532465	0.45301870	0.88679225	0.48850515	2.13211779	1.31962628	1.85529827	2.23504506	2.64844873	1.96071553	1.15100384	1.82289602	2.44311304	0.53796266	0.54745256	3.10956461	2.27738558	2.65472421	1.65634367	0.55451854	2.22568462	2.39534005	3.95399349	2.61765716	2.27273243	2.80576663	0.74965488	2.34034631	2.52323550	2.55980028	0.92106780	0.94056473	2.82053366	3.54741206	1.70985260	0.00000000	1.93178555	1.64070690	0.80543468	1.30247947	1.66806725	1.98831409	2.35748957	1.50301118	0.83477577	2.60561585
2.22993373	1.68389906	3.74873826	1.32471007	2.37127327	2.81803865	2.19995377	3.36208557	2.47679154	2.25310398	4.10988520	0.89181699	3.17649440	2.81281862	0.71904757	0.51253298	2.46938382	2.42554066	3.80273885	0.71015713	3.70549134	0.53279611	1.45854054	3.55490314	0.65150953	4.69310363	3.21978838	2.08621262	3.59563081	1.44318423	2.91607909	2.78014291	3.06427786	2.00962443	1.22585920	3.58303591	4.34959185	3.05153630	1.93178555	0.00000000	3.52103636	2.24128806	2.27511940	2.25720605	3.74667041	3.74317138	0.67727587	2.72795960	3.65014201
2.43740178	4.04197101	1.41955582	2.34397815	1.29664205	0.88281148	1.64637137	2.64426107	2.31083872	3.12406919	1.39715845	4.28348689	2.56006478	1.64305315	3.46291033	4.03216252	1.15917868	1.10413879	3.86165166	3.91716361	3.18862516	3.29404927	2.19187956	2.57909723	4.02810038	4.52441318	3.54818983	3.69175455	3.54403338	2.35691288	3.36070545	3.69338543	3.57185995	2.22997528	2.56924687	3.57828009	4.12488619	2.28193941	1.64070690	3.52103636	0.00000000	1.92117856	2.45310222	2.89758458	1.66966764	2.58508279	3.14331385	1.14181766	3.15980891
0.53510729	2.18260884	1.55214753	0.94531684	0.71896107	1.03991771	0.35928097	1.34479523	0.52044014	1.21462868	1.94758299	2.74723530	1.16679153	0.58037290	1.86179088	2.71443559	0.85087295	1.09814000	2.31190319	2.34732045	1.85334159	1.80701252	0.85237951	1.46507892	2.52319807	3.14911303	1.84248118	1.77215268	2.00446381	0.79869714	1.58407244	1.83352980	1.80563977	0.33004843	1.01846479	2.02098042	2.74212788	0.93598570	0.80543468	2.24128806	1.92117856	0.00000000	0.56267281	0.99442656	1.51418037	1.61937122	1.63220012	0.78536720	1.80337173
0.04998876	1.80065404	1.83567042	1.15828325	1.28138965	1.58155518	0.91453347	1.08869711	0.23652819	0.67238389	2.25228516	2.60171030	0.90203842	0.90662909	1.74207011	2.69141342	1.41342199	1.65740692	1.82839925	2.20579390	1.49299459	1.77230398	1.13508964	1.28092731	2.41036568	2.70006429	1.31624241	1.28411730	1.53898292	0.96120138	1.03901655	1.27094724	1.25948936	0.39762868	1.10196003	1.54713552	2.30374075	0.79798797	1.30247947	2.27511940	2.45310222	0.56267281	0.00000000	0.44465436	1.71915297	1.47266569	1.60619162	1.31167280	1.43851254
0.46185391	1.45904568	2.22068599	1.35935419	1.70651155	2.02441839	1.33243448	1.20433527	0.62571303	0.22894303	2.63822675	2.42817010	1.04204556	1.33367866	1.62973210	2.61304145	1.84225598	2.07248942	1.60422330	2.04963276	1.45516606	1.72785873	1.38280914	1.43348543	2.26949462	2.50029371	1.03770463	0.86905944	1.35809346	1.16109845	0.72986388	0.85652103	0.93213710	0.75191476	1.22349422	1.35254833	2.12781126	1.05671402	1.66806725	2.25720605	2.89758458	0.99442656	0.44465436	0.00000000	2.07491909	1.63634913	1.58194250	1.75596307	1.40018476
1.74006260	3.51487205	0.26758519	2.42819804	1.56574085	1.32015550	1.57559869	1.22044067	1.48525988	2.28331173	0.60974067	4.24931861	1.23375457	0.93530524	3.36521695	4.22688577	1.55733021	1.80794077	2.40717790	3.84855452	1.67442965	3.32111266	2.30839259	1.05985480	4.03185612	2.93551533	2.26670264	2.93910718	2.11454744	2.30528319	2.19399582	2.61982139	2.35937977	1.79639215	2.53057345	2.15808057	2.55613630	1.05606208	1.98831409	3.74667041	1.66966764	1.51418037	1.71915297	2.07491909	0.00000000	0.99213167	3.14628700	1.19163027	1.66165975
1.51578829	3.06594618	1.25687444	2.53560789	2.05077050	2.00698075	1.87033720	0.44017363	1.26692024	1.78150356	1.56583644	4.04707074	0.59518291	1.23222214	3.20676199	4.16390203	2.10787433	2.39846932	1.43806303	3.65803159	0.69797114	3.24489275	2.46293204	0.20310319	3.86961445	1.95205138	1.41253555	2.39951683	1.16799957	2.35925007	1.44010688	1.88543871	1.54841706	1.75450841	2.54107902	1.21506508	1.56602744	0.69904560	2.35748957	3.74317138	2.58508279	1.61937122	1.47266569	1.63634913	0.99213167	0.00000000	3.07803940	1.77425343	0.69540495
1.56232743	1.28533200	3.17447680	0.80772268	1.89806925	2.35554863	1.65705099	2.68989912	1.81516877	1.58909529	3.55529696	1.15483226	2.50529697	2.21221284	0.34144558	1.09371328	2.01674088	2.04280781	3.14375591	0.77469436	3.02831692	0.17483069	0.95954130	2.88711645	0.91059443	4.03807124	2.56100995	1.50947970	2.92714503	0.86003699	2.25412772	2.15239893	2.41222316	1.36896267	0.62657741	2.91622599	3.68642383	2.39185989	1.50301118	0.67727587	3.14331385	1.63220012	1.60619162	1.58194250	3.14628700	3.07803940	0.00000000	2.21747273	2.97295905
1.29558425	2.94952768	1.09301445	1.42033001	0.38598386	0.28117906	0.57125688	1.68534390	1.17990068	1.98226137	1.40098415	3.37058212	1.55724886	0.58609840	2.50109119	3.23300072	0.36682658	0.63758811	2.84501167	2.98051005	2.24478195	2.38546338	1.27562940	1.69649105	3.12797414	3.59706263	2.46540452	2.55715211	2.52513728	1.36495065	2.25157325	2.56177222	2.46831857	1.10534799	1.59680988	2.55294516	3.18688997	1.27114833	0.83477577	2.72795960	1.14181766	0.78536720	1.31167280	1.75596307	1.19163027	1.77425343	2.21747273	0.00000000	2.20556384
1.48842286	2.67997944	1.91816864	2.59555419	2.39837678	2.47050017	2.12865873	0.52275685	1.31647394	1.46259563	2.25251964	3.80140897	0.65726895	1.62027377	3.02882747	4.01299580	2.48733623	2.77809280	0.74653861	3.43520306	0.05540907	3.12426145	2.56170631	0.60419992	3.65870548	1.39150035	0.78983832	1.98186629	0.47534725	2.39951542	0.92363762	1.33974355	0.95804636	1.81231898	2.53296093	0.52347207	0.98159063	0.93785961	2.60561585	3.65014201	3.15980891	1.80337173	1.43851254	1.40018476	1.66165975	0.69540495	2.97295905	2.20556384	0.00000000

EDGE_KM_T
0.00000000	2.38752788	2.45339576	1.56521319	1.49516086	2.09452322	1.00524797	1.53104355	0.27210505	0.93341919	3.02586218	2.66281971	1.27093226	1.27348856	1.91472573	3.24833175	1.69142180	1.84162711	2.46759890	2.30021281	2.18178125	2.15430454	1.50773366	1.70676951	2.61465256	3.73153419	1.64337387	1.81740961	2.14800461	1.28853174	1.20897076	1.53221279	1.42861102	0.45122020	1.46641678	2.13746601	3.23165726	0.96118014	1.42692222	2.90438758	3.32798731	0.66442231	0.07061856	0.61219059	2.17004217	1.90584085	1.97849675	1.76916733	2.10493548
2.38737624	0.00000000	4.84061321	2.46889996	3.88251129	4.48183386	3.39261164	2.87165544	2.65945614	1.45398846	5.41304573	1.83857416	2.81606277	3.66079580	1.09056291	2.42408689	4.07876489	4.22898133	3.29153172	1.47600495	3.00568003	1.33014480	2.67668277	3.16162386	1.79042644	4.55541281	2.46734682	0.81065566	2.97193739	2.40560109	2.03296109	1.83964139	2.25260153	2.59362705	2.12718381	2.96140252	4.05554548	3.07719294	3.45661332	2.08018907	5.71524879	3.05178428	2.38408968	1.77520381	4.55726115	3.36868356	1.40414381	4.15648253	2.92883861
2.45355253	4.84123013	0.00000000	2.47487670	1.85805150	1.61460240	1.64865804	1.96908421	2.18142266	3.38700273	0.57249990	4.92000176	2.02470651	1.17999584	3.91572185	4.32011500	1.89887986	2.28473600	3.42670907	4.48437541	2.41975355	3.61090611	2.41738481	1.67907209	4.55675622	3.54270138	3.45252483	4.27104749	3.10605895	2.43544688	3.38594519	3.98578940	3.60942321	2.24732471	2.71390698	3.17479455	3.24600891	1.76358090	2.33653324	3.81417456	1.80703423	1.78911614	2.45683278	3.06576104	0.28335511	1.47197427	3.43706288	1.38599053	2.43512488
1.56528697	2.46906746	2.47489173	0.00000000	1.41380815	2.01321242	0.92388131	3.09643072	1.82580773	1.83352935	2.94468519	2.54784506	2.83630374	1.75322415	1.54355969	1.94795826	1.61007682	1.76027042	4.03296017	2.11221623	3.74717838	1.23874376	0.20780852	3.27217984	2.18459824	5.29695253	3.20869287	1.89888054	3.71336593	0.27669206	2.77427148	2.58087490	2.99391155	1.11405459	0.34173970	3.70282339	4.79706550	2.52654920	0.98782252	1.33930610	3.24672826	1.20305926	1.63590888	1.79296175	2.72571740	3.47127138	1.06489943	1.68785171	3.67032802
1.49520119	3.88296604	1.85812800	1.41385701	0.00000000	0.59942455	0.48993359	2.47963456	1.22305685	2.42866946	2.00370507	3.96178977	2.21949998	1.13641466	2.95746225	3.36190262	0.19627241	0.42668668	3.41615147	3.52614173	3.13038703	2.65264474	1.20604211	2.65539489	3.59853306	4.68017145	2.59186372	3.31274589	3.09655726	1.47713006	2.42758634	3.02745210	2.65106446	1.28898003	1.75560255	3.08601280	4.18027954	1.90974427	0.47850630	2.72386977	1.83296544	0.83075659	1.49847961	2.10742015	2.10895288	2.85449620	2.47879200	0.47208123	3.05353446
2.09464067	4.48244003	1.61467721	2.01331243	0.59943360	0.00000000	1.08937021	2.23616930	1.82249061	3.02811609	1.76026200	4.56128436	1.97603133	0.89294344	3.55693801	3.96139706	0.40315952	0.67016859	3.17268061	4.12562775	2.88692392	3.25211980	1.80549468	2.41193463	4.19802323	4.43671293	3.09358855	3.91220505	2.85308641	2.07658319	3.02702284	3.62689713	3.25050101	1.88842214	2.35506058	2.84254110	3.93681883	1.66627509	1.02545072	3.32335366	1.23355208	1.43019282	2.09791837	2.70686376	1.86550175	2.61104030	3.07826331	0.32536407	2.81007035
1.00526199	3.39295903	1.64867678	0.92388647	0.48992766	1.08933442	0.00000000	2.27021179	0.99958442	1.93871621	2.02081513	3.47174227	2.01008388	0.92700359	2.46745174	2.87185543	0.68619679	0.83638969	3.20673970	3.03611109	2.92096004	2.16263561	0.76873575	2.44596228	3.10849425	4.47073545	2.38246990	2.82276803	2.88714547	0.98716403	1.94804742	2.53750198	2.16768748	0.79903565	1.26562689	2.87660269	3.97084782	1.70032919	0.68787897	2.23384331	2.32285333	0.37683528	1.00854183	1.61747282	1.89950235	2.64505502	1.98879026	0.76397343	2.84410941
1.53097984	2.87173702	1.96897880	3.09614613	2.47947977	2.23609660	2.27006436	0.00000000	1.27050240	1.41770883	2.54142253	4.19363741	0.26010130	1.34316151	3.44559883	4.77914990	2.52032029	2.90615799	1.45758410	3.83105574	0.65073139	3.68517970	3.03867499	0.28997569	4.14548327	2.20047083	1.48333337	2.30166240	1.13693406	2.81947142	1.41672495	2.01650712	1.64020267	1.98219229	2.99734204	1.20566347	1.70060033	0.56985189	2.95789075	4.43523677	2.84359982	1.89323212	1.46036341	1.30327379	1.68562624	0.49704173	3.50938296	2.00747716	0.57388853
0.27210523	2.65963424	2.18129170	1.82570818	1.22305582	1.82241848	0.99957048	1.27054979	0.00000000	1.20552465	2.75375838	2.92331597	1.01043839	1.00138384	2.17522138	3.50882801	1.41931681	1.63565771	2.20710496	2.56070879	1.92128757	2.41480016	1.76822856	1.44627591	2.87514868	3.47104065	1.38287963	2.08951549	1.88751067	1.54902665	1.20451069	1.80431820	1.42798853	0.71171475	1.72691185	1.87697204	2.97116365	0.70068625	1.68741681	3.16488349	3.05588293	0.62273709	0.27538860	0.88429595	1.89793810	1.64534740	2.23899225	1.49706255	1.84444176
0.93339505	1.45401628	3.38666876	1.83345894	2.42853607	3.02786785	1.93863336	1.41769627	1.20548077	0.00000000	3.95910913	2.93093316	1.36210015	2.20683058	2.18290278	3.51644573	2.62479137	2.77500523	2.19924508	2.56835523	1.91340126	2.42248395	1.77598904	1.70766978	2.88278095	3.46313870	1.37505089	0.88394812	1.87965075	1.55678523	0.94066113	0.74733277	1.16030154	1.13964318	1.73465371	1.86911502	2.96326915	1.62322979	2.00262822	3.17253719	4.26129415	1.59780639	0.93010922	0.32121842	3.10331635	1.91473392	2.24668885	2.70251546	1.83655884
3.02610504	5.41382402	0.57250916	2.94473966	2.00365463	1.76019467	2.02084123	2.54161073	2.75396829	3.95956380	0.00000000	5.49262037	2.59723711	1.75252951	4.48831787	4.89273343	2.04448099	2.43034016	3.99924231	5.05698373	2.99227750	4.18350129	2.73692855	2.25159261	5.12936953	4.11521982	4.02506903	4.84362359	3.67859217	3.00801576	3.95849413	4.55834856	4.18197219	2.81988037	3.28648174	3.74732880	3.81852997	2.33611212	2.48214802	4.25471460	1.95261307	2.36166475	3.02938442	3.63831850	0.85586468	2.04448956	4.00965355	1.53158405	3.00765002
2.66285016	1.83867607	4.91965628	2.54768545	3.96140469	4.56077205	3.47149014	4.19390565	2.92334760	2.93112167	5.49212696	0.00000000	3.93379250	3.73973782	1.00420865	0.59988617	4.15766656	4.30787047	5.13045792	0.43559389	4.84464455	1.30902173	2.75548235	4.36963438	0.36322880	6.39440001	4.30622784	2.64940512	4.81086364	2.48439792	3.87182256	3.67846071	4.09146280	2.67247838	2.20595639	4.80032456	5.89452188	3.62404009	3.53545866	1.23785241	5.79424231	3.13066469	2.73346912	2.89054177	4.63630250	4.56870812	1.48285074	4.23541559	4.76779823
1.27088904	2.81616975	2.02458668	2.83606449	2.21938558	1.97599721	2.00997192	0.26010325	1.01040830	1.36212582	2.59703484	3.93357828	0.00000000	1.08306168	3.18552888	4.51909069	2.26022515	2.64606431	1.40198776	3.57099169	0.91083587	3.42510935	2.77859171	0.43581737	3.88542160	2.46057795	1.42774228	2.24608660	1.08133772	2.55938847	1.36113614	1.96092320	1.58461388	1.72210300	2.73726190	1.15006761	1.96070620	0.30975089	2.69780216	4.17517149	2.89920194	1.63313945	1.20027219	1.04318536	1.74123392	0.63487839	3.24931045	1.74737837	0.83399245
1.27353647	3.66116963	1.17996953	1.75317426	1.13637715	0.89293972	0.92697982	1.34319718	1.00141396	2.20697746	1.75245949	3.73991474	1.08307555	0.00000000	2.73565906	3.43641184	1.17720767	1.56306055	2.27973546	3.30429943	1.99394145	2.43084423	1.69568604	1.51893842	3.37667489	3.54370838	2.27251769	3.09100610	1.96014121	1.47648581	2.20593295	2.80576619	2.42941092	1.06730526	1.65438581	1.99479809	3.04382479	0.77332183	1.61484638	3.09243548	2.05453051	0.60910426	1.27681765	1.88573966	0.97246159	1.71802307	2.25700583	0.66432651	1.91709266
1.91477189	1.09057296	3.91549978	1.54349145	2.95722640	3.55660028	2.46730967	3.44584298	2.17527345	2.18303825	4.48797601	1.00422220	3.18572739	2.73556660	0.00000000	1.33362979	3.15348946	3.30369155	4.38239122	0.56862214	4.09658342	0.30481359	1.75129040	3.62157531	0.69994517	5.64634219	3.55815457	1.90131269	4.06279694	1.48020557	3.12374643	2.93037845	3.34338665	1.66829396	1.20176051	4.05225725	5.14646249	2.87597460	2.53127337	0.98967218	4.79007859	2.12648451	1.98539137	2.14246053	3.63214574	3.82065220	0.47864530	3.23124306	4.01973639
3.24854519	2.42425615	4.32007355	1.94792925	3.36172116	3.96111869	2.87179657	4.77967282	3.50906169	3.51679289	4.89256993	0.59988668	4.51954837	3.43647069	1.33367855	0.00000000	3.55798859	3.70818407	5.71620644	0.94815166	5.43041888	1.09410247	2.15573564	4.95541822	0.63369576	6.98018962	4.89194594	3.23503462	5.39661220	1.95996044	4.45752749	4.26413725	4.67716759	2.79731477	1.78205636	5.38607028	6.48030422	4.20979422	2.93574276	0.63800138	5.19462620	2.88631506	3.31916656	3.47622304	4.40894898	5.15450650	1.26992485	3.63575876	5.35356926
1.69147863	4.07926647	1.89897118	1.61014506	0.19627352	0.40315706	0.68620912	2.52046810	1.41933047	2.62495166	2.04455340	4.15810392	2.26033126	1.17724423	3.15376385	3.55821667	0.00000000	0.38586423	3.45698128	3.72245017	3.17122200	2.84894588	1.40232826	2.69623176	3.79484426	4.72100948	2.69042881	3.50903643	3.13738708	1.67341658	2.62386179	3.22373323	2.84733994	1.48525922	1.95189234	3.12684206	4.22111611	1.95057520	0.62228739	2.92017679	1.63670540	1.02703186	1.69475657	2.30370034	2.14979584	2.89533598	2.67509064	0.51290960	3.09436877
1.84167242	4.22951223	2.28488228	1.76036286	0.42668855	0.67018021	0.83639860	2.90635739	1.63566411	2.77515621	2.43047611	4.30838071	2.64621545	1.56312456	3.30401228	3.70849323	0.38586804	0.00000000	3.84286214	3.87271404	3.55711453	2.99919325	1.55254177	3.08212859	3.94511439	5.10690892	3.01855455	3.65925985	3.52326796	1.82363093	2.77405111	3.37393538	2.99752932	1.63545697	2.10211407	3.51272165	4.60701226	2.33645860	0.77248697	3.07043746	1.48655095	1.17722076	1.84494926	2.45390035	2.53570641	3.28123938	2.82533236	0.89878720	3.48025981
2.46744360	3.29126485	3.42642778	4.03250259	3.41598306	3.17266084	3.20654737	1.45754642	2.20700467	2.19909902	3.99881959	5.12973026	1.40197165	2.27973094	4.38181840	5.71524380	3.45683482	3.84265548	0.00000000	4.76720632	1.00684696	4.62140399	3.97505063	1.74748843	5.08160587	1.26381599	0.82413670	2.48068750	0.32064997	3.75584332	1.25850158	1.45177630	1.03886092	2.91863834	3.93368093	0.33012477	0.76396019	1.66310458	3.89432865	5.37140167	4.30111623	2.82971774	2.39683204	2.23970974	3.14307757	1.95452510	4.44563253	2.94403440	0.99148951
2.30024806	1.47606690	4.48407936	2.11209784	3.52582156	4.12519078	3.03590639	3.83130800	2.56074668	2.56851811	5.05655162	0.43559565	3.57119415	3.30415671	0.56861686	0.94812533	3.72208377	3.87228716	4.76785912	0.00000000	4.48204734	0.87343009	2.31989533	4.00703776	0.31444290	6.03180374	3.94362717	2.28679899	4.44826484	2.04881078	3.50922107	3.31585747	3.72886131	2.23689350	1.77036825	4.43772559	5.53192517	3.26144164	3.09987353	0.80225896	5.35866333	2.69508102	2.37086717	2.52793883	4.20072551	4.20611240	1.04725987	3.79983410	4.40520082
2.18163753	3.00558418	2.41962563	3.74675446	3.13015564	2.88680050	2.92073090	0.65072473	1.92117780	1.91331892	2.99204548	4.84412447	0.91081553	1.99386781	4.09614418	5.42963744	3.17100133	3.55683119	1.00687512	4.48156936	0.00000000	4.33572722	3.68929214	0.74065185	4.79598401	1.54972525	1.03259611	2.19495292	0.68622511	3.47008685	0.97268471	1.56573124	1.18945305	2.63284183	3.64794228	0.75495188	1.04986150	1.22056450	3.60853654	5.08575698	3.29427767	2.54389986	2.11102333	1.95391868	2.13627415	0.94770438	4.15994211	2.65817785	0.07683979
2.15440424	1.33015252	3.61079591	1.23870791	2.65247623	3.25186397	2.16255490	3.68550846	2.41491456	2.42265967	4.18328394	1.30906566	3.42538768	2.43083147	0.30481466	1.09408151	2.84874185	2.99894007	4.62204813	0.87345248	4.33625220	0.00000000	1.44651122	3.86124845	0.94582691	5.88601798	3.79779751	2.14091495	4.30245388	1.17542554	3.36338333	3.17000231	3.58302348	1.70317667	0.89697298	4.29191288	5.38613494	3.11563409	2.22650834	0.75010777	4.48535939	1.82173032	2.22502483	2.38208657	3.32744134	4.06033202	0.17581832	2.92650516	4.25940365
1.50779978	2.67688503	2.41741980	0.20780972	1.20600764	1.80541574	0.76873811	3.03895268	1.76832296	1.77603914	2.73690072	2.75567132	2.77882427	1.69574360	1.75137801	2.15578446	1.40227702	1.55246955	3.97547976	2.32003887	3.68970124	1.44656177	0.00000000	3.21470391	2.39242264	5.23947733	3.15120861	2.10669183	3.65588553	0.27108694	2.71678554	2.52338536	2.93642560	1.05656629	0.54955052	3.64534262	4.73958939	2.46906950	0.78001791	1.51777078	3.03893630	1.14557344	1.57842199	1.73547281	2.66824533	3.41379729	1.27271586	1.48005459	3.61285047
1.70669965	3.16173235	1.67900615	3.27187106	2.65519769	2.41181161	2.44578325	0.28997730	1.44622036	1.70769537	2.25145236	4.36937491	0.43581524	1.51887627	3.62133028	4.95488736	2.69603767	3.08187619	1.74756320	4.00679049	0.74066160	3.86091093	3.21439900	0.00000000	4.32121935	2.02476014	1.77331540	2.59165297	1.42691315	2.99519561	1.70670825	2.30649315	1.93018598	2.15791294	3.17306780	1.49564283	1.56693368	0.74556600	3.13361179	4.61097084	2.60432128	2.06895089	1.63608298	1.47899492	1.39565348	0.20706744	3.68511298	2.18319251	0.75602604
2.61472545	1.79052081	4.55650436	2.18448742	3.59822597	4.19760135	3.10830875	4.14580012	2.87522796	2.88299063	5.12898187	0.36323272	3.88568397	3.37656781	0.69994755	0.63368533	3.79448932	3.94469099	5.08234743	0.31444573	4.79654092	0.94580630	2.39228684	4.32153328	0.00000000	6.34630044	4.25810927	2.60126300	4.76275316	2.12120192	3.82370048	3.63033109	4.04334069	2.30929213	1.84275605	4.75221333	5.84642038	3.57593109	3.17227134	0.87462917	5.43108151	2.76748365	2.68534505	2.84241341	4.27315027	4.52061089	1.11963864	3.87224397	4.71969373
3.73114944	4.55483678	3.54256286	5.29614657	4.67971169	4.43642460	4.47026431	2.20039936	3.47073271	3.46277713	4.11492474	6.39322226	2.46046467	3.54349771	5.64538345	6.97873639	4.72056993	5.10638077	1.26376814	6.03073159	1.54969079	5.88497176	5.23870567	2.02474121	6.34511502	0.00000000	2.08786940	3.74431701	1.58336258	5.01949619	2.52221895	2.71546060	2.30257812	4.18233396	5.19731478	1.59388964	0.49984734	2.77020972	5.15801957	6.63493521	4.62905653	4.09343617	3.66054068	3.50339955	3.25921401	2.07068000	5.70921488	4.20779413	1.62652313
1.64332244	2.46722115	3.45218115	3.20841722	2.59184871	3.09346610	2.38241979	1.48326729	1.38287067	1.37499391	4.02459028	4.30573282	1.42768490	2.27242571	3.55777869	4.89124601	2.69041953	3.01852307	0.82415720	3.94318962	1.03257265	3.79736270	3.15095886	1.77322054	4.25759851	2.08800088	0.00000000	1.65661050	0.50456283	2.93175280	0.43437375	0.62766760	0.21473318	2.09452309	3.10960142	0.49403055	1.58814017	1.68881666	3.07021612	4.54738020	4.32684711	2.00558929	1.57270925	1.41559786	3.16883016	1.98026700	3.62158281	2.76811793	1.01721298
1.81730987	0.81064562	4.27052240	1.89884437	3.31244094	3.91175739	2.82254333	2.30157443	2.08938590	0.88392692	4.84294971	2.64920585	2.24598404	3.09071881	1.90120734	3.23471868	3.50869341	3.65891156	2.48085191	2.28664244	2.19499497	2.14078970	2.10662524	2.59153946	2.60106112	3.74472465	1.65667318	0.00000000	2.16125756	1.83554395	1.22229012	1.02897618	1.44193059	2.02356246	1.55712998	2.15072327	3.24485880	2.50711457	2.88654955	2.89082800	5.14516476	2.48171571	1.81402281	1.20514023	3.98717058	2.79859621	1.96500095	3.58640676	2.11815423
2.14787812	2.97176148	3.10581393	3.71296581	3.09640701	2.85306849	2.88697675	1.13690652	1.88742889	1.87954641	3.67821963	4.81026398	1.08132563	1.96013721	4.06231823	5.39577724	3.13725576	3.52308099	0.32064999	4.44772460	0.68621092	4.30190256	3.65550872	1.42685753	4.76213164	1.58343257	0.50455876	2.16115743	0.00000000	3.43630241	0.93893076	1.13222081	0.71929017	2.59907760	3.61414885	0.06872521	1.08357283	1.34245763	3.57477009	5.05191613	3.98048435	2.51014642	2.07726526	1.92015171	2.82246310	1.63390206	4.12612434	2.62444393	0.67085169
1.28858187	2.40576935	2.43541369	0.27668987	1.47706768	2.07646330	0.98714372	2.81970493	1.54909716	1.55683107	3.00790845	2.48452727	2.55958119	1.47650405	1.48025989	1.95995170	1.67333476	1.82353077	3.75623973	2.04890663	3.47045053	1.17544462	0.27108617	2.99544927	2.12128467	5.02022030	2.93198116	1.83559660	3.43664548	0.00000000	2.49756354	2.30417510	2.71720365	0.83735200	0.27845683	3.42610375	4.52033537	2.24982715	1.05109133	1.61596878	3.30996846	0.92635106	1.35920308	1.51626059	2.44897811	3.19453664	1.00160389	1.75110359	3.39360113
1.20895287	2.03290019	3.38560171	2.77407011	2.42754894	3.02685680	1.94804620	1.41666746	1.20449404	0.94063440	3.95802170	3.87144087	1.36108029	2.20581749	3.12346022	4.45695384	2.62379983	2.77402038	1.25854938	3.50888559	0.97268510	3.36304325	2.71660773	1.70662775	3.82330033	2.52241043	0.43437932	1.22226864	0.93895503	2.49740246	0.00000000	0.59975594	0.22347759	1.66015723	2.67525798	0.92842155	2.02254665	1.62221132	2.63585196	4.11307317	4.26025356	1.59682620	1.13833867	0.98123411	3.10225022	1.91368036	3.18725807	2.70150716	0.95061478
1.53217303	1.83956125	3.98531002	2.58075238	3.02729183	3.62658934	2.53740052	2.01639232	1.80423710	0.74732673	4.55772120	3.67807840	1.96080903	2.80554915	2.93011926	4.26359155	3.22354081	3.37376425	1.45183054	3.31553292	1.56569825	3.16970309	2.52329327	2.30634689	3.62994291	2.71567750	0.62767092	1.02894666	1.13223618	2.30408735	0.59974620	0.00000000	0.41293667	1.73843113	2.48193728	1.12170367	2.21581621	2.22194065	2.60142075	3.91972293	4.85997332	2.19657209	1.52888447	0.92001204	3.70195893	2.51339451	2.99392220	3.30124089	1.55033831
1.42858974	2.25249407	3.60903794	2.99368711	2.65102286	3.25031944	2.16768662	1.64012173	1.42796815	1.16026236	4.18144832	4.09100909	1.58453878	2.42927917	3.34305189	4.67652225	2.84727167	2.99749538	1.03889252	3.72846449	1.18942744	3.58263579	2.93622829	1.93007578	4.04287405	2.30273820	0.21473383	1.44188100	0.71929815	2.71702232	0.22347754	0.41293580	0.00000000	1.87979081	2.89487173	0.70876573	1.80287714	1.84567046	2.85548404	4.33265472	4.48370227	1.82030340	1.35797643	1.20086583	3.32568689	2.13712296	3.40685529	2.92497110	1.17406760
0.45122506	2.59382602	2.24722814	1.11401759	1.28893733	1.88831643	0.79901887	1.98230862	0.71172991	1.13966677	2.81970882	2.67254635	1.72219107	1.06728320	1.66831332	2.79720823	1.48520136	1.63540199	2.91885363	2.23694136	2.63305030	1.70314522	1.05653279	2.15804383	2.30931182	4.18281170	2.09461172	2.02368034	2.59925936	0.83733190	1.66020131	1.73845742	1.87984150	0.00000000	1.01522600	2.58871918	3.68293075	1.41243798	0.97570426	2.45324457	3.12180118	0.45819393	0.52184496	0.81843260	1.96387390	2.35712323	1.52733049	1.56295861	2.55620270
1.46647967	2.12730801	2.71385507	0.34173647	1.75551761	2.35491067	1.26559450	2.99759661	1.72699334	1.73473089	3.28634764	2.20606011	2.73747383	1.65439741	1.20179805	1.78203837	1.95178421	2.10198094	3.93413299	1.77044189	3.64834161	0.89698298	0.54954146	3.17333954	1.84281876	5.19811008	3.10987700	1.55713945	3.61453874	0.27845544	2.67546050	2.48207446	2.89510062	1.01525055	0.00000000	3.60399725	4.69822576	2.42771994	1.32954401	1.43805843	3.58841266	1.10424794	1.53710068	1.69415956	2.62686580	3.37242567	0.72314331	2.02955125	3.57149248
2.13734373	2.96122145	3.17453572	3.70242881	3.08587358	2.84253654	2.87644282	1.20563067	1.87689544	1.86901085	3.74694015	4.79972058	1.15005034	1.99479270	4.05177790	5.38523386	3.12672261	3.51254741	0.33012614	4.43718260	0.75493472	4.29136234	3.64497219	1.49558087	4.75158895	1.59396232	0.49402550	2.15061982	0.06872507	3.42576579	0.92839685	1.12168551	0.70875625	2.58854278	3.60361142	0.00000000	1.09410294	1.41118242	3.56423507	5.04137447	4.04920778	2.49961256	2.06673098	1.90961664	2.89118494	1.70262468	4.11558474	2.61391181	0.73957565
3.23136080	4.05512543	3.24585356	4.79639364	4.17990989	3.93660252	3.97046926	1.70056222	2.97093125	2.96300450	3.81823272	5.89355706	1.96063513	3.04367390	5.14567608	6.47907085	4.22076439	4.60658090	0.76394354	5.53104718	1.04984883	5.38526282	4.73894635	1.56692975	5.84543992	0.49985223	1.58806525	3.24457243	1.08353795	4.51973812	2.02242365	2.21568439	1.80278292	3.68255122	4.69756769	1.09406692	0.00000000	2.27038134	4.65823954	6.13524603	4.12920941	3.59364026	3.16075042	3.00362016	2.96250393	1.77395926	5.20949752	3.70797438	1.12668339
0.96116661	3.07738270	1.76348707	2.52636765	1.90965374	1.66625084	1.70024491	0.56986042	0.70067670	1.62329487	2.33594762	3.62394429	0.30975173	0.77331406	2.87586467	4.20945645	1.95049062	2.33633384	1.66311958	3.26134393	1.22059649	3.11544402	2.46889029	0.74558257	3.57578051	2.77034593	1.68888876	2.50727575	1.34246952	2.24968795	1.62228895	2.22208969	1.84576676	1.41238480	2.42756924	1.41120078	2.27047067	0.00000000	2.38808590	3.86552032	2.63808626	1.32341182	0.89054860	1.30206857	1.48013375	0.94465059	2.93963909	1.43763366	1.14375148
1.42694918	3.45696317	2.33664019	0.98785140	0.47850774	1.02543471	0.68789313	2.95814462	1.68748360	2.00266255	2.48221841	3.53578994	2.69800955	1.61492384	2.53145964	2.93590277	0.62228148	0.77246904	3.89466071	3.10014064	3.60889741	2.22664203	0.78003608	3.13390569	3.17253258	5.15868251	3.07037161	2.88674083	3.57506650	1.05112411	2.63594078	2.60144495	2.85558076	0.97571052	1.32959732	3.56452192	4.65879027	2.38825376	0.00000000	2.29786837	2.25897725	1.06472922	1.49757282	1.68141280	2.58746503	3.33300764	2.05278874	0.95059015	3.53204469
2.90459673	2.08027917	3.81420445	1.33930845	2.72376133	3.32316634	2.23383424	4.43574226	3.16511796	3.17283852	4.25464148	1.23789691	4.17561500	3.09253520	0.98970011	0.63801010	2.92003013	3.07022352	5.37227125	0.80226737	5.08649009	0.75012460	1.51776013	4.61149179	0.87464973	6.63626462	4.54800320	2.89106990	5.05267701	1.61600070	4.11358148	3.92018420	4.33322155	2.45336413	1.43809257	5.04213439	6.13637741	3.86586042	2.29777489	0.00000000	4.55668310	2.54236929	2.97521870	3.13227117	4.06503009	4.81058368	0.92595009	2.99780555	5.00963965
3.32829737	5.71623497	1.80710971	3.24703299	1.83306677	1.23359689	2.32301545	2.84366589	3.05612438	4.26180141	1.95272541	5.79516183	2.89931375	2.05462238	4.79074005	5.19527391	1.63678600	1.48661075	4.30133293	5.35947086	3.29431904	4.48591904	3.03920383	2.60432917	5.43188299	4.62911440	4.32721751	5.14594055	3.98068272	3.31029457	4.26066764	4.86057606	4.48414597	3.12208938	3.58879160	4.04942475	4.12921156	2.63819207	2.25912281	4.55718825	0.00000000	2.66383651	3.33157217	3.94053701	2.05793285	2.80345233	4.31204750	1.55896513	3.30969783
0.66443168	3.05205912	1.78906833	1.20302583	0.83074613	1.43013462	0.37683449	1.89333939	0.62274416	1.59787149	2.36155702	3.13080082	1.63321832	0.60910219	2.12654826	2.88625695	1.02701189	1.17720990	2.82987859	2.69518693	2.54408330	1.82173355	1.14553807	2.06907979	2.76756171	4.09384947	2.00562721	2.48189805	2.51028434	0.92633776	1.59682865	2.19666048	1.82030661	0.45820003	1.10423694	2.49974327	3.59396624	1.32346469	1.06469995	2.54228233	2.66363098	0.00000000	0.66771298	1.27663418	1.52260146	2.26816373	1.64789577	1.10477573	2.46723467
0.07061841	2.38423717	2.45667179	1.63582829	1.49844318	2.09780366	1.00853091	1.46042064	0.27538740	0.93013417	3.02913661	2.73342667	1.20031006	1.27676884	1.98533661	3.31893875	1.69470377	1.84490961	2.39697715	2.37082155	2.11115790	2.22491556	1.57834936	1.63614556	2.68526044	3.66090988	1.57275402	1.81412199	2.07738286	1.35914732	1.13835173	1.52892810	1.35799200	0.52183806	1.53703134	2.06684443	3.16103341	0.89055804	1.49753983	2.97499676	3.33126542	0.66770517	0.00000000	0.60890619	2.17331827	1.83521600	2.04910855	1.77244798	2.03431233
0.61218083	1.77526559	3.06549129	1.79287921	2.10732783	2.70666881	1.61742205	1.30328878	0.88427237	0.32122148	3.63793951	2.89039326	1.04318550	1.88563233	2.14234373	3.47590567	2.30358483	2.45379611	2.23985735	2.52780661	1.95402141	2.38192420	1.73540641	1.47900293	2.84223655	3.50376352	1.41565387	1.20518234	1.92026303	1.51620317	0.98126010	0.92001885	1.20090046	0.81842629	1.69407663	1.90972644	3.00389175	1.30203362	1.68141010	3.13198640	3.94010650	1.27659548	0.60889574	0.00000000	2.78213853	1.67806397	2.20612527	2.38131537	1.87717798
2.17014371	4.55776951	0.28335458	2.72562483	2.10883237	1.86539687	1.89943439	1.68570789	1.89802243	3.10358318	0.85584290	4.63651021	1.74132511	0.97245731	3.63225856	4.40885407	2.14966324	2.53551558	3.14332435	4.20089674	2.13638047	3.32744388	2.66813721	1.39570328	4.27327131	3.25933517	3.16912641	3.98760914	2.82267425	2.44893687	3.10254083	3.70237225	3.32601878	1.96391194	2.62683582	2.89140858	2.96263943	1.48019871	2.58729952	4.06487996	2.05784548	1.52259992	2.17342505	2.78234602	0.00000000	1.18861202	3.15360628	1.63678344	2.15175031
1.90576025	3.36880126	1.47193883	3.47093202	2.85425816	2.61087188	2.64484379	0.49704495	1.64528084	1.91476367	2.04438521	4.56843674	0.63487544	1.71793652	3.82039170	5.15394919	2.89509810	3.28093668	1.95463097	4.20585214	0.94772921	4.05997233	3.41345989	0.20706754	4.52028109	2.07070884	1.98038338	2.79872155	1.63398093	3.19425652	1.91377632	2.51356141	2.13725405	2.35697361	3.37212882	1.70271063	1.77400123	0.94462620	3.33267248	4.81003244	2.80338129	2.26801142	1.83514357	1.67805562	1.18858615	0.00000000	3.88417430	2.38225280	0.96309366
1.97858575	1.40416311	3.43695807	1.06487036	2.47863856	3.07802625	1.98871724	3.50968985	2.23909603	2.24684121	4.00944606	1.48290299	3.24956908	2.25699375	0.47865210	1.26989970	2.67490417	2.82510240	4.44622955	1.04728986	4.16043357	0.17581830	1.27267365	3.68542980	1.11966427	5.71019932	3.62197897	1.96509656	4.12663529	1.00158797	3.18756482	2.99418384	3.40720497	1.52735819	0.72313544	4.11609430	5.21031629	2.93981550	2.05267072	0.92592602	4.31152161	1.64789266	2.04920633	2.20626809	3.15360350	3.88451335	0.00000000	2.75266745	4.08358503
1.76925498	4.15700063	1.38603439	1.68790192	0.47207677	0.32536245	0.76398897	2.00754901	1.49711382	2.70271927	1.53160717	4.23581289	1.74741632	0.66433242	3.23149584	3.63592583	0.51290184	0.89876297	2.94406903	3.80016962	2.65830028	2.92667873	1.48008861	2.18330655	3.87255864	4.20808215	2.76821363	3.58678873	2.62447482	1.75117625	2.70164178	3.30150280	2.92511988	1.56303235	2.02964601	2.61393083	3.70819145	1.43766090	0.95057767	2.99789885	1.55889712	1.10481218	1.77253380	2.38147164	1.63685947	2.38240543	2.75282808	0.00000000	2.58144826
2.10480168	2.92875430	2.43498898	3.66992137	3.05331878	2.80996208	2.84389457	0.57388514	1.84434097	1.83648431	3.00741016	4.76729815	0.83397653	1.91702925	4.01931461	5.35281110	3.09416418	3.47999448	0.99151524	4.40474155	0.07683996	4.25889753	3.61245856	0.75601356	4.71915693	1.62656600	1.01723781	2.11812047	0.67086523	3.39325336	0.95061784	1.55037509	1.17409543	2.55600644	3.57110964	0.73959214	1.12670188	1.14372559	3.53170136	5.00892881	3.30963929	2.46706346	2.03418736	1.87708355	2.15163744	0.96306684	4.08311177	2.58133960	0.00000000

DEMAND_SECTION
0 0
1 1
2 1
3 1
4 1
5 1
6 1
7 1
8 1
9 1
10 1
11 1
12 1
13 1
14 1
15 1
16 1
17 1
18 1
19 1
20 1
21 1
22 1
23 1
24 1
25 1
26 1
27 1
28 1
29 1
30 1
31 1
32 1
33 1
34 1
35 1
36 1
37 1
38 1
39 1
40 1
41 1
42 1
43 1
44 1
45 1
46 1
47 1
48 1

LOGISTIC_LOAD_SECTION
0	0
1	0
2	0
3	0
4	0
5	0
6	0
7	0
8	0
9	0
10	0
11	0
12	0
13	0
14	0
15	0
16	0
17	0
18	0
19	0
20	0
21	0
22	0
23	0
24	0
25	0
26	0
27	0
28	0
29	0
30	0
31	0
32	0
33	0
34	0
35	0
36	0
37	0
38	0
39	0
40	0
41	0
42	0
43	0
44	0
45	0
46	0
47	0
48	0

AVAILABILITY_LANDING_SPOT_SECTION
0	1
1	1
2	1
3	1
4	1
5	1
6	1
7	1
8	1
9	1
10	1
11	1
12	1
13	1
14	1
15	1
16	1
17	1
18	1
19	1
20	1
21	1
22	1
23	1
24	1
25	1
26	1
27	1
28	1
29	1
30	1
31	1
32	1
33	1
34	1
35	1
36	1
37	1
38	1
39	1
40	1
41	1
42	1
43	1
44	1
45	1
46	1
47	1
48	1

CUSTOMER_DRONE_PREFERENCE_SECTION
0	1
1	1
2	1
3	1
4	1
5	1
6	1
7	1
8	1
9	1
10	1
11	1
12	1
13	1
14	1
15	1
16	1
17	1
18	1
19	1
20	1
21	1
22	1
23	1
24	1
25	1
26	1
27	1
28	1
29	1
30	1
31	1
32	1
33	1
34	1
35	1
36	1
37	1
38	1
39	1
40	1
41	1
42	1
43	1
44	1
45	1
46	1
47	1
48	1

PRICE_SECTION
0	3
1	3
2	3
3	3
4	3
5	3
6	3
7	3
8	3
9	3
10	3
11	3
12	3
13	3
14	3
15	3
16	3
17	3
18	3
19	3
20	3
21	3
22	3
23	3
24	3
25	3
26	3
27	3
28	3
29	3
30	3
31	3
32	3
33	3
34	3
35	3
36	3
37	3
38	3
39	3
40	3
41	3
42	3
43	3
44	3
45	3
46	3
47	3
48	3

PRIORITY_DELIVERY_TIME_SECTION
0	0
1	0
2	0
3	0
4	0
5	0
6	0
7	0
8	0
9	0
10	0
11	0
12	0
13	0
14	0
15	0
16	0
17	0
18	0
19	0
20	0
21	0
22	0
23	0
24	0
25	0
26	0
27	0
28	0
29	0
30	0
31	0
32	0
33	0
34	0
35	0
36	0
37	0
38	0
39	0
40	0
41	0
42	0
43	0
44	0
45	0
46	0
47	0
48	0

EOF
