NAME: multi_modal_data
TYPE: MM

VEHICLES: 2
DIMENSION: 52

NUM_T: 2
NUM_D: 1

MAXIMUM_SYSTEM_DURATION: 300
UNIT: MIN

SERVICETIME: 5
UNIT: MIN

TAKEOFF_LANDING_TIME: 2
UNIT: MIN

MAX_WAITING_TIME: 99999999
UNIT: MIN

INIT_SOC: 100
MAX_SOC: 100
MIN_SOC_T: 3
MIN_SOC_D: 3
UNIT: %

DEMAND_T: 27
DEMAND_D: 0
UNIT: EA

MASS_T: 1940
MASS_D: 15
UNIT: KG

LIFT_TO_DRAG: 3
POWER_MOTOR_PROP: 0.5
UNIT: RATIO

POWER_ELEC: 0.1
UNIT: KW

CARGO_LIMIT_TRUCK: 99999999999999
UNIT: KG

CARGO_LIMIT_DRONE: 6
UNIT: KG

BATTERY_KWH_T: 100
BATTERY_KWH_D: 0.3
UNIT: KWH 

ENERGY_KWH/KM_T: 1.0
ENERGY_KWH/KM_D: 0.1
UNIT: KWH/KM

CHARGING_KW_D: 0.5
CHARGING_KW_T: 80
UNIT: KW 

LOSISTIC_KWH/KG_T: 0.001
LOSISTIC_KWH/KG_D: 0.001
UNIT: KWH/KG

SPEED_T: 0.3
SPEED_D: 1.0
UNIT: KM/MIN

ALTITUDE: 100
UNIT: M

CURVY_AIR: 1.0
UNIT: RATIO

CURVY_ROAD: 1.2
UNIT: RATIO

DEPOT_SECTION
0

EDGE_KM_D_TYPE: EUC_2D(haversine)
EDGE_KM_T_TYPE: MAN_2D(haversine)
EDGE_KM_D_FORMAT : FULL_MATRIX
EDGE_KM_T_FORMAT : FULL_MATRIX

NODE_COORD_SECTION
0	37.52431150	126.90991099
1	37.52839821	126.90231298
2	37.51629632	126.91600488
3	37.51084535	126.90116989
4	37.54031053	126.90629701
5	37.52556223	126.92674586
6	37.51071506	126.90856246
7	37.51199486	126.89729529
8	37.51360156	126.91145064
9	37.52383466	126.89339024
10	37.51879338	126.91361381
11	37.51478443	126.90098850
12	37.55254326	126.88506630
13	37.52457472	126.89318396
14	37.53650103	126.92569238
15	37.52935301	126.94456034
16	37.54529481	126.88596596
17	37.53361786	126.93328457
18	37.53345542	126.93788839
19	37.50570071	126.91453496
20	37.50614659	126.90305116
21	37.53624037	126.91428676
22	37.53313087	126.91961525
23	37.54335020	126.88465802
24	37.52982513	126.91339953
25	37.50606432	126.89610598
26	37.55104273	126.89002267
27	37.52778542	126.90896536
28	37.49856772	126.90874125
29	37.50089619	126.90486201
30	37.52254914	126.91244336
31	37.54664666	126.88372048
32	37.54075236	126.90815055
33	37.50224888	126.90479097
34	37.53023507	126.93625388
35	37.52703723	126.93792128
36	37.51301608	126.91224530
37	37.52250533	126.90407216
38	37.50557554	126.90257754
39	37.49425081	126.90811033
40	37.55174004	126.88435141
41	37.50346188	126.91347790
42	37.53903865	126.92761370
43	37.52680094	126.90582745
44	37.52128290	126.94616487
45	37.52407366	126.90444441
46	37.51215251	126.91680113
47	37.51600807	126.91454501
48	37.54303698	126.89900130
49	37.53597798	126.93648235
50	37.53908749	126.89301205
51	37.51318141	126.91173687

EDGE_KM_D
0.00000000	0.80959800	1.04075129	1.68417696	1.80733098	1.49112509	1.51652868	1.76455453	1.19860933	1.45790607	0.69507490	1.31965057	3.82798828	1.47541571	1.94261546	3.10656083	3.14673056	2.30633448	2.66842866	2.10923249	2.10851808	1.38141507	1.30154685	3.07246849	0.68594316	2.36629449	3.45111142	0.39518193	2.86444047	2.64147707	0.29711599	3.39133721	1.83472180	2.49447290	2.41461562	2.48865863	1.27275620	0.55270335	2.18144289	3.34637210	3.79221593	2.33962400	2.26240192	0.45421165	3.21491819	0.48281407	1.48230649	1.00970832	2.29366413	2.67824183	2.21811324	1.24804417
0.80959800	0.00000000	1.80800320	1.95439285	1.37038477	2.17757092	2.04206693	1.87688546	1.83207156	0.93629684	1.46077887	1.51828507	3.08553306	0.91041700	2.24985210	3.72700527	2.36801999	2.79207643	3.18705792	2.74440818	2.47512618	1.36937392	1.61393139	2.27762421	0.99043235	2.54303995	2.74123866	0.59057642	3.36511170	3.06634164	1.10503763	2.60861473	1.46699070	2.91587866	2.99994938	3.14373555	1.92167267	0.67337365	2.53787590	3.83129918	3.04049352	2.94246296	2.52527119	0.35720562	3.94729922	0.51629840	2.21266521	1.74980713	1.65374376	3.12868200	1.44408171	1.88513384
1.04075129	1.80800320	0.00000000	1.44203038	2.80413331	1.39960301	0.90335793	1.71811001	0.50113316	2.16344437	0.34866513	1.33505126	4.86693294	2.21316005	2.40360679	2.90683714	4.17297695	2.45598641	2.71382139	1.18529292	1.60598742	2.22284914	1.89880308	4.08540463	1.52178257	2.09166217	4.49182459	1.42038933	2.07284042	1.97444300	0.76294133	4.41517636	2.80620958	1.84885141	2.36456176	2.27206958	0.49294475	1.25865077	1.68040940	2.54834853	4.82939375	1.44442844	2.72818603	1.47308775	2.71713201	1.33692650	0.46609352	0.13268700	3.33009126	2.83735094	3.24556440	0.51153916
1.68417696	1.95439285	1.44203038	0.00000000	3.30743428	2.78676609	0.65221691	0.36487404	0.95717983	1.59903819	1.40914158	0.43829791	4.84917546	1.68127906	3.57984377	4.34501668	4.05846785	3.79913671	4.09963435	1.31036168	0.54819762	3.05154989	2.96426783	3.89665978	2.37009347	0.69436535	4.57655904	2.00519931	1.51982521	1.15324032	1.63776160	4.26796492	3.38201061	1.00783996	3.77124570	3.70776309	1.00626204	1.32155845	0.59898809	1.94415034	4.78301975	1.36115185	3.90720327	1.82111445	4.13469932	1.49900631	1.38636885	1.31196374	3.58465508	4.18426252	3.22173757	0.96755742
1.80733098	1.37038477	2.80413331	3.30743428	0.00000000	2.43735838	3.29693012	3.24709262	3.00447871	2.15676746	2.47807153	2.87672210	2.31378963	2.09728834	1.76180285	3.58716574	1.87624051	2.49323793	2.88793202	3.91641659	3.80963145	0.83732300	1.41999020	1.93756477	1.32347785	3.91263099	1.86621532	1.41246557	4.64659858	4.38450766	2.04799706	2.11148487	0.17064992	4.23435224	2.86922597	3.15504571	3.08000593	1.98954794	3.87626480	5.12411089	2.31485977	4.14604118	1.88480811	1.50277115	4.10314127	1.81283588	3.26518573	2.79848666	0.71110904	2.70474935	1.17920431	3.05453062
1.49112509	2.17757092	1.39960301	2.78676609	2.43735838	0.00000000	2.30161179	3.00372549	1.89432442	2.94782513	1.38121571	2.56837005	4.74404891	2.96177190	1.21988294	1.62652841	4.21235640	1.06528158	1.31748853	2.45710824	3.00472006	1.61766682	1.05055505	4.20533601	1.26880621	3.46459516	4.30254853	1.58734939	3.39585979	3.35384062	1.30505647	4.45971152	2.35404924	3.23572986	0.98640179	0.99906925	1.89254219	2.02824717	3.07943652	3.85019305	4.73766449	2.72185684	1.50046463	1.84984741	1.77742743	1.97366579	1.72991959	1.51210667	3.12419904	1.44170818	3.33318609	1.90983231
1.51652868	2.04206693	0.90335793	0.65221691	3.29693012	2.30161179	0.00000000	1.00394149	0.40977257	1.97959912	1.00268796	0.80686117	5.09169320	2.05296940	3.24089263	3.79133503	4.33075349	3.35247929	3.61700768	0.76708767	0.70312279	2.88283332	2.67635009	4.19671276	2.16734432	1.21436501	4.77295747	1.89847328	1.35081614	1.13955935	1.35968037	4.55656406	3.34019809	0.99845122	3.26733239	3.16203424	0.41350372	1.36953087	0.77800605	1.83117747	5.03663967	0.91567829	3.56954869	1.80486213	3.51848755	1.52916903	0.74405034	0.79046384	3.69161479	3.73546922	3.44003544	0.39192661
1.76455453	1.87688546	1.71811001	0.36487404	3.24709262	3.00372549	1.00394149	0.00000000	1.26124573	1.36083089	1.62572644	0.44980584	4.63593936	1.44505003	3.70093376	4.59360527	3.83520144	3.98178493	4.30235127	1.67398110	0.82501620	3.08442360	3.06564018	3.66032779	2.43885615	0.66773914	4.38903450	2.03525197	1.80237375	1.40304780	1.77826210	4.03477406	3.33790667	1.26948035	3.98981951	3.95415700	1.32350459	1.31268011	0.85240654	2.19159853	4.56447741	1.71401196	4.02386063	1.81017801	4.43217517	1.48373936	1.72055718	1.58552705	3.45500725	4.36517658	3.03615459	1.28059246
1.19860933	1.83207156	0.50113316	0.95717983	3.00447871	1.89432442	0.40977257	1.26124573	0.00000000	1.95751680	0.60801388	0.93208984	4.91555354	2.02093458	2.83920327	3.40500799	4.17969539	2.94302692	3.21087635	0.91969514	1.11178605	2.52971838	2.28782297	4.06502056	1.81215089	1.59195764	4.57198327	1.59233321	1.68868652	1.52764267	0.99877202	4.41373059	3.03302964	1.39234909	2.86456223	2.77163910	0.09566078	1.18477189	1.18702483	2.17178942	4.86770067	1.14157489	3.16732202	1.54922708	3.17857731	1.31823781	0.49867120	0.38221968	3.45227978	3.32624177	3.26726151	0.05310361
1.45790607	0.93629684	2.16344437	1.59903819	2.15676746	2.94782513	1.97959912	1.36083089	1.95751680	0.00000000	1.86957087	1.20904364	3.27553968	0.08427743	3.17763170	4.55399296	2.47443188	3.68235699	4.06719847	2.74662553	2.14346787	2.30182245	2.53311693	2.30258838	1.88606820	1.99043875	3.03993981	1.44205941	3.11881121	2.74401208	1.68635648	2.67604866	2.28753327	2.60235867	3.84634849	3.94316956	2.05242998	0.95356133	2.18605352	3.53654892	3.20365631	2.87592068	3.45910284	1.14532299	4.66285373	0.97521532	2.43937477	2.05870533	2.19177792	4.03270908	1.69636773	2.00535414
0.69507490	1.46077887	0.34866513	1.40914158	2.47807153	1.38121571	1.00268796	1.62572644	0.60801388	1.86957087	0.00000000	1.19943080	4.51882917	1.91298628	2.23863739	2.97100000	3.82458646	2.39298709	2.69082597	1.45810664	1.68687254	1.94092616	1.67980947	3.73840202	1.22682199	2.09476254	4.14563137	1.08064579	2.28969341	2.13455629	0.43018986	4.06700392	2.48880313	1.99749668	2.36748577	2.33144416	0.65364815	0.93727727	1.76288236	2.77185530	4.48093956	1.70483005	2.56746930	1.12442977	2.88410186	0.99933606	0.79013300	0.32041757	2.98789183	2.77816680	2.89702255	0.64560849
1.31965057	1.51828507	1.33505126	0.43829791	2.87672210	2.56837005	0.80686117	0.44980584	0.93208984	1.20904364	1.19943080	0.00000000	4.42711651	1.28797975	3.25226863	4.17014776	3.64206298	3.53518040	3.86001873	1.56458690	0.97756406	2.65844226	2.61917900	3.48756827	1.99877633	1.06096982	4.14607644	1.60773084	1.92853927	1.58164904	1.32894040	3.85628594	2.95577170	1.43367657	3.55305024	3.53065646	1.01214026	0.90057258	1.03353144	2.36808822	4.36329574	1.67293984	3.57580756	1.40267288	4.04935530	1.07694701	1.42506498	1.20338473	3.14642809	3.91805425	2.79242559	0.96462289
3.82798828	3.08553306	4.86693294	4.84917546	2.31378963	4.74404891	5.09169320	4.63593936	4.91555354	3.27553968	4.51882917	4.42711651	0.00000000	3.19126528	4.00138729	5.84505944	0.80988505	4.74356211	5.11797555	5.82091041	5.39734627	3.15009495	3.73334192	1.02285716	3.55272762	5.25911696	0.46770721	3.46682783	6.35458593	6.00236161	4.11709845	0.66632113	2.42090758	5.85674619	5.14988809	5.45540002	5.00616715	3.73689293	5.44608648	6.79294910	0.10931026	6.00522689	4.04050699	3.39767920	6.41133415	3.59733879	5.29169659	4.82293410	1.62068252	4.89302473	1.65208646	4.96865697
1.47541571	0.91041700	2.21316005	1.68127906	2.09728834	2.96177190	2.05296940	1.44505003	2.02093458	0.08427743	1.91298628	1.28797975	3.19126528	0.00000000	3.15851008	4.56168057	2.39026415	3.67636745	4.06395625	2.81970608	2.22626538	2.26836021	2.51748611	2.21897564	1.87587042	2.07433674	2.95628302	1.43676291	3.20089671	2.82724287	1.71333927	2.59226568	2.23106179	2.68532809	3.84990149	3.95471844	2.11613710	0.98740780	2.26926524	3.61979504	3.11942832	2.95216789	3.43568695	1.14213557	4.68669651	0.99460109	2.49930513	2.11103043	2.11602787	4.02314668	1.61382034	2.06938562
1.94261546	2.24985210	2.40360679	3.57984377	1.76180285	1.21988294	3.24089263	3.70093376	2.83920327	3.17763170	2.23863739	3.25226863	4.00138729	3.15851008	0.00000000	1.84384832	3.63655373	0.74225201	1.12745476	3.56339798	3.92166961	1.00609672	0.65389254	3.69728091	1.31377718	4.27347392	3.53617380	1.76486779	4.47510934	4.36456030	1.94210434	3.86871357	1.61731602	4.23131435	1.16307679	1.50672059	2.86805613	2.46104219	3.99759445	4.94733018	4.01945947	3.82846929	0.32911912	2.05712671	2.47440216	2.32812938	2.81869257	2.48171673	2.46301760	0.95317251	2.89581791	2.87026486
3.10656083	3.72700527	2.90683714	4.34501668	3.58716574	1.62652841	3.79133503	4.59360527	3.40500799	4.55399296	2.97100000	4.17014776	5.84505944	4.56168057	1.84384832	0.00000000	5.46208138	1.10159694	0.74446144	3.73223469	4.47897021	2.77715364	2.23941263	5.50637332	2.74832435	4.99686105	5.37949371	3.14371546	4.65822303	4.71932501	2.93158228	5.69862639	3.45162266	4.62454981	0.73901539	0.63958322	3.37965411	3.65079059	4.54979279	5.05679152	5.86324236	3.97538679	1.84196679	3.42738168	0.90844415	3.58601547	3.10669200	3.03460799	4.29564749	1.02471960	4.67245682	3.40781197
3.14673056	2.36801999	4.17297695	4.05846785	1.87624051	4.21235640	4.33075349	3.83520144	4.17969539	2.47443188	3.82458646	3.64206298	0.80988505	2.39026415	3.63655373	5.46208138	0.00000000	4.36947367	4.76355205	5.07256653	4.60646153	2.69234663	3.26064700	0.24505803	2.96815554	4.45294703	0.73239778	2.81126409	5.57054348	5.21057316	3.44204719	0.24856978	2.02009502	5.06622765	4.73968099	5.01080796	4.27233695	2.99508336	4.65319812	6.00244581	0.73067583	5.24634337	3.73727731	2.70108454	5.94187710	2.86756450	4.57983282	4.11777641	1.17636058	4.57287454	0.92862238	4.23266272
2.30633448	2.79207643	2.45598641	3.79913671	2.49323793	1.06528158	3.35247929	3.98178493	2.94302692	3.68235699	2.39298709	3.53518040	4.74356211	3.67636745	0.74225201	1.10159694	4.36947367	0.00000000	0.40635427	3.51720832	4.05470573	1.70033764	1.20654301	4.42194320	1.80345649	4.48756466	4.27817623	2.24040528	4.45820022	4.41842780	2.21191177	4.60392509	2.35385846	4.29906041	0.45830560	0.83821802	2.94796538	2.85708701	4.13003161	4.90835147	4.76167232	3.78092769	0.78316675	2.53708613	1.78083987	2.75575755	2.79466990	2.56228822	3.19911982	0.38519712	3.60269831	2.96226343
2.66842866	3.18705792	2.71382139	4.09963435	2.88793202	1.31748853	3.61700768	4.30235127	3.21087635	4.06719847	2.69082597	3.86001873	5.11797555	4.06395625	1.12745476	0.74446144	4.76355205	0.40635427	0.00000000	3.71034008	4.31980860	2.10400649	1.61168660	4.82064503	2.19682377	4.78073476	4.65127612	2.62722717	4.65380391	4.64671769	2.55059316	4.99613384	2.74474788	4.53452130	0.38600463	0.71367719	3.20617740	3.22104755	4.39419090	5.08942232	5.13943546	3.96964022	1.09826902	2.92240574	1.53776514	3.12825824	3.01156907	2.82872158	3.59046130	0.30667380	4.00618400	3.22508121
2.10923249	2.74440818	1.18529292	1.31036168	3.91641659	2.45710824	0.76708767	1.67398110	0.91969514	2.74662553	1.45810664	1.56458690	5.82091041	2.81970608	3.56339798	3.73223469	5.07256653	3.51720832	3.71034008	0.00000000	1.01419861	3.39593050	3.08283265	4.94655163	2.68438619	1.62612372	5.48564211	2.50436045	0.94355918	1.00672669	1.88252402	5.30226482	3.93802978	0.94134547	3.33342717	3.14376021	0.83813046	2.08404276	1.05486026	1.39362334	5.76994350	0.26583657	3.88231163	2.46873460	3.28406099	2.22841692	0.74473547	1.14612836	4.37177890	3.88343585	4.16954496	0.86766014
2.10851808	2.47512618	1.60598742	0.54819762	3.80963145	3.00472006	0.70312279	0.82501620	1.11178605	2.14346787	1.68687254	0.97756406	5.39734627	2.22626538	3.92166961	4.47897021	4.60646153	4.05470573	4.31980860	1.01419861	0.00000000	3.48990639	3.33724358	4.44349368	2.78663693	0.61270093	5.12272495	2.46202144	0.98089235	0.60527782	2.00319274	4.81525273	3.87418071	0.45977701	3.96857496	3.85414631	1.11407029	1.82123830	0.07601017	1.39601591	5.33120304	0.96699039	4.25078262	2.30967765	4.15848687	1.99718560	1.38454152	1.49338921	4.11754759	4.43802172	3.76834605	1.09491810
1.38141507	1.36937392	2.22284914	3.05154989	0.83732300	1.61766682	2.88283332	3.08442360	2.52971838	2.30182245	1.94092616	2.65844226	3.15009495	2.26836021	1.00609672	2.77715364	2.69234663	1.70033764	2.10400649	3.39593050	3.48990639	0.00000000	0.58335601	2.72937046	0.71761955	3.71884163	2.69917675	1.05074300	4.21746859	4.01703755	1.53105073	2.93288246	0.73786037	3.87135480	2.04888054	2.32177376	2.58869411	1.77310286	3.56272089	4.70070375	3.15215012	3.64550466	1.21556815	1.28768166	3.26627440	1.60734209	2.68761431	2.24984720	1.54515724	1.95729822	1.90237165	2.57388453
1.30154685	1.61393139	1.89880308	2.96426783	1.41999020	1.05055505	2.67635009	3.06564018	2.28782297	2.53311693	1.67980947	2.61917900	3.73334192	2.51748611	0.65389254	2.23941263	3.26064700	1.20654301	1.61168660	3.08283265	3.33724358	0.58335601	0.00000000	3.28503843	0.65994769	3.65471873	3.28242145	1.11141258	3.96111100	3.81320998	1.33583740	3.50355008	1.31912429	3.67440501	1.50210565	1.75069431	2.32918739	1.80959993	3.41263674	4.44076343	3.73474171	3.34315664	0.96380882	1.40486928	2.68648540	1.67452325	2.34585606	1.95577002	2.12529894	1.52059708	2.43743720	2.32454551
3.07246849	2.27762421	4.08540463	3.89665978	1.93756477	4.20533601	4.19671276	3.66032779	4.06502056	2.30258838	3.73840202	3.48756827	1.02285716	2.21897564	3.69728091	5.50637332	0.24505803	4.42194320	4.82064503	4.94655163	4.44349368	2.72937046	3.28503843	0.00000000	2.94689368	4.26715350	0.97741833	2.75484009	5.41364061	5.04575285	3.36936714	0.37575462	2.09131858	4.90304053	4.77741328	5.03463126	4.15877684	2.88149659	4.48779503	5.83827881	0.93330089	5.11198596	3.81755250	2.62118549	5.95285216	2.76376700	4.47980334	4.02359353	1.26506788	4.64230738	0.87589347	4.11771739
0.68594316	0.99043235	1.52178257	2.37009347	1.32347785	1.26880621	2.16734432	2.43885615	1.81215089	1.88606820	1.22682199	1.99877633	3.55272762	1.87587042	1.31377718	2.74832435	2.96815554	1.80345649	2.19682377	2.68438619	2.78663693	0.71761955	0.65994769	2.94689368	0.00000000	3.05072196	3.13280546	0.45203500	3.49987034	3.30371383	0.81343670	3.21661202	1.30021862	3.15894533	2.01584651	2.18451927	1.87185389	1.15717513	2.86037670	3.98310461	3.53518954	2.93147250	1.61879245	0.74762847	3.04158891	1.01619127	1.98787607	1.53970718	1.94164504	2.14730843	2.07182266	1.85650032
2.36629449	2.54303995	2.09166217	0.69436535	3.91263099	3.46459516	1.21436501	0.66773914	1.59195764	1.99043875	2.09476254	1.06096982	5.25911696	2.07433674	4.27347392	4.99686105	4.45294703	4.48756466	4.78073476	1.62612372	0.61270093	3.71884163	3.65471873	4.26715350	3.05072196	0.00000000	5.03006503	2.66831256	1.39184058	0.96272487	2.33160087	4.64285745	4.00072478	0.87574875	4.44536730	4.36348196	1.61991118	1.95852937	0.57343796	1.68730676	5.18361081	1.55948440	4.60052959	2.46006302	4.72841952	2.13332657	1.94692837	1.96665301	4.11909876	4.87276124	3.68213741	1.58971436
3.45111142	2.74123866	4.49182459	4.57655904	1.86621532	4.30254853	4.77295747	4.38903450	4.57198327	3.03993981	4.14563137	4.14607644	0.46770721	2.95628302	3.53617380	5.37949371	0.73239778	4.27817623	4.65127612	5.48564211	5.12272495	2.69917675	3.28242145	0.97741833	3.13280546	5.03006503	0.00000000	3.07854190	6.06397215	5.72754880	3.73451442	0.74002284	1.96558747	5.57975265	4.68703619	4.99610468	4.66037454	3.40645354	5.17553184	6.51333340	0.50593422	5.68070071	3.57286583	3.03446729	5.95448422	3.25729026	4.92709408	4.45555215	1.19123306	4.42543082	1.35523772	4.62496019
0.39518193	0.59057642	1.42038933	2.00519931	1.41246557	1.58734939	1.89847328	2.03525197	1.59233321	1.44205941	1.08064579	1.60773084	3.46682783	1.43676291	1.76486779	3.14371546	2.81126409	2.24040528	2.62722717	2.50436045	2.46202144	1.05074300	1.11141258	2.75484009	0.45203500	2.66831256	3.07854190	0.00000000	3.24892490	3.01177427	0.65809415	3.05831298	1.44364884	2.86330763	2.42174262	2.55482100	1.66755922	0.72864158	2.53307723	3.72964635	3.43580794	2.73378522	2.06632321	0.29758288	3.35928682	0.57384370	1.87063273	1.39898112	1.90996793	2.59179967	1.88633268	1.64218715
2.86444047	3.36511170	2.07284042	1.51982521	4.64659858	3.39585979	1.35081614	1.80237375	1.68868652	3.11881121	2.28969341	1.92853927	6.35458593	3.20089671	4.47510934	4.65822303	5.57054348	4.45820022	4.65380391	0.94355918	0.98089235	4.21746859	3.96111100	5.41364061	3.49987034	1.39184058	6.06397215	3.24892490	0.00000000	0.42912515	2.68653511	5.78362018	4.69101392	0.53757472	4.27640966	4.07989765	1.63604973	2.69341585	0.95018293	0.48323529	6.29157499	0.68611738	4.79811559	3.14989694	4.15645137	2.86134592	1.66951182	2.00571518	5.01881857	4.82601635	4.71432246	1.64631477
2.64147707	3.06634164	1.97444300	1.15324032	4.38450766	3.35384062	1.13955935	1.40304780	1.52764267	2.74401208	2.13455629	1.58164904	6.00236161	2.82724287	4.36456030	4.71932501	5.21057316	4.41842780	4.64671769	1.00672669	0.60527782	4.01703755	3.81320998	5.04575285	3.30371383	0.96272487	5.72754880	3.01177427	0.42912515	0.00000000	2.49883635	5.41812197	4.44128954	0.15054267	4.27886173	4.11720361	1.49678760	2.40383906	0.55798152	0.79255472	5.93587333	0.81182547	4.69195779	2.88173849	4.29078323	2.57748354	1.63576417	1.88497514	4.71426734	4.79524585	4.37338955	1.49460850
0.29711599	1.10503763	0.76294133	1.63776160	2.04799706	1.30505647	1.35968037	1.77826210	0.99877202	1.68635648	0.43018986	1.32894040	4.11709845	1.71333927	1.94210434	2.93158228	3.44204719	2.21191177	2.55059316	1.88252402	2.00319274	1.53105073	1.33583740	3.36936714	0.81343670	2.33160087	3.73451442	0.65809415	2.68653511	2.49883635	0.00000000	3.68704281	2.05920073	2.35603972	2.26701430	2.30159500	1.06017338	0.73827524	2.07831737	3.16976204	4.08302204	2.12437035	2.26967702	0.75095000	2.97726788	0.72550567	1.21826902	0.75058118	2.56805038	2.59293764	2.51352722	1.04350789
3.39133721	2.60861473	4.41517636	4.26796492	2.11148487	4.45971152	4.55656406	4.03477406	4.41373059	2.67604866	4.06700392	3.85628594	0.66632113	2.59226568	3.86871357	5.69862639	0.24856978	4.60392509	4.99613384	5.30226482	4.81525273	2.93288246	3.50355008	0.37575462	3.21661202	4.64285745	0.74002284	3.05831298	5.78362018	5.41812197	3.68704281	0.00000000	2.25139802	5.27493341	4.97847289	5.25299779	4.50681174	3.22898404	4.86024481	6.21055465	0.56908353	5.47221736	3.96129194	2.94436913	6.18643018	3.10472105	4.81884844	4.35830260	1.40573850	4.80079684	1.17371469	4.46661416
1.83472180	1.46699070	2.80620958	3.38201061	0.17064992	2.35404924	3.34019809	3.33790667	3.03302964	2.28753327	2.48880313	2.95577170	2.42090758	2.23106179	1.61731602	3.45162266	2.02009502	2.35385846	2.74474788	3.93802978	3.87418071	0.73786037	1.31912429	2.09131858	1.30021862	4.00072478	1.96558747	1.44364884	4.69101392	4.44128954	2.05920073	2.25139802	0.00000000	4.29163747	2.74011102	3.03593524	3.10520522	2.06060578	3.94224663	5.17074484	2.42798821	4.17305046	1.72661019	1.56479555	3.99042706	1.88316280	3.27038092	2.80863137	0.84572216	2.55385066	1.34753568	3.08202401
2.49447290	2.91587866	1.84885141	1.00783996	4.23435224	3.23572986	0.99845122	1.26948035	1.39234909	2.60235867	1.99749668	1.43367657	5.85674619	2.68532809	4.23131435	4.62454981	5.06622765	4.29906041	4.53452130	0.94134547	0.45977701	3.87135480	3.67440501	4.90304053	3.15894533	0.87574875	5.57975265	2.86330763	0.53757472	0.15054267	2.35603972	5.27493341	4.29163747	0.00000000	4.16947083	4.01696311	1.36593498	2.25330926	0.41827634	0.93631501	5.79083732	0.77808533	4.55920269	2.73159811	4.21864431	2.42700067	1.52808398	1.75527500	4.56408602	4.67743076	4.22594106	1.36131132
2.41461562	2.99994938	2.36456176	3.77124570	2.86922597	0.98640179	3.26733239	3.98981951	2.86456223	3.84634849	2.36748577	3.55305024	5.14988809	3.84990149	1.16307679	0.73901539	4.73968099	0.45830560	0.38600463	3.33342717	3.96857496	2.04888054	1.50210565	4.77741328	2.01584651	4.44536730	4.68703619	2.42174262	4.27640966	4.27886173	2.26701430	4.97847289	2.74011102	4.16947083	0.00000000	0.38478586	2.85466713	2.96527196	4.04230621	4.70873195	5.16326933	3.59137684	1.24044374	2.71013966	1.32468858	2.88756935	2.64312034	2.48353378	3.57989071	0.63890056	3.93790409	2.87592569
2.48865863	3.14373555	2.27206958	3.70776309	3.15504571	0.99906925	3.16203424	3.95415700	2.77163910	3.94316956	2.33144416	3.53065646	5.45540002	3.95471844	1.50672059	0.63958322	5.01080796	0.83821802	0.71367719	3.14376021	3.85414631	2.32177376	1.75069431	5.03463126	2.18451927	4.36348196	4.99610468	2.55482100	4.07989765	4.11720361	2.30159500	5.25299779	3.03593524	4.01696311	0.38478586	0.00000000	2.74926757	3.02731279	3.92584274	4.49500730	5.46392232	3.39409652	1.61461782	2.83032254	0.96846531	2.97055267	2.49176892	2.39878734	3.86553656	1.00223177	4.18055431	2.77607004
1.27275620	1.92167267	0.49294475	1.00626204	3.08000593	1.89254219	0.41350372	1.32350459	0.09566078	2.05242998	0.65364815	1.01214026	5.00616715	2.11613710	2.86805613	3.37965411	4.27233695	2.94796538	3.20617740	0.83813046	1.11407029	2.58869411	2.32918739	4.15877684	1.87185389	1.61991118	4.66037454	1.66755922	1.63604973	1.49678760	1.06017338	4.50681174	3.10520522	1.36593498	2.85466713	2.74926757	0.00000000	1.27787542	1.18815083	2.11824700	4.95890753	1.06792921	3.19524674	1.63397444	3.12963614	1.40894798	0.41314747	0.38964998	3.53658430	3.32981058	3.35872828	0.04846662
0.55270335	0.67337365	1.25865077	1.32155845	1.98954794	2.02824717	1.36953087	1.31268011	1.18477189	0.95356133	0.93727727	0.90057258	3.73689293	0.98740780	2.46104219	3.65079059	2.99508336	2.85708701	3.22104755	2.08404276	1.82123830	1.77310286	1.80959993	2.88149659	1.15717513	1.95852937	3.40645354	0.72864158	2.69341585	2.40383906	0.73827524	3.22898404	2.06060578	2.25330926	2.96527196	3.02731279	1.27787542	0.00000000	1.88711952	3.16189019	3.68659502	2.27424837	2.77293961	0.50210730	3.71469075	0.17745402	1.60796942	1.17263499	2.32639374	3.22683988	2.08590192	1.23768757
2.18144289	2.53787590	1.68040940	0.59898809	3.87626480	3.07943652	0.77800605	0.85240654	1.18702483	2.18605352	1.76288236	1.03353144	5.44608648	2.26926524	3.99759445	4.54979279	4.65319812	4.13003161	4.39419090	1.05486026	0.07601017	3.56272089	3.41263674	4.48779503	2.86037670	0.57343796	5.17553184	2.53307723	0.95018293	0.55798152	2.07831737	4.86024481	3.94224663	0.41827634	4.04230621	3.92584274	1.18815083	1.88711952	0.00000000	1.35053620	5.37899884	0.98984640	4.32670907	2.37750211	4.22260067	2.06348046	1.45220292	1.56842612	4.17745008	4.51325302	3.82065819	1.16960776
3.34637210	3.83129918	2.54834853	1.94415034	5.12411089	3.85019305	1.83117747	2.19159853	2.17178942	3.53654892	2.77185530	2.36808822	6.79294910	3.61979504	4.94733018	5.05679152	6.00244581	4.90835147	5.08942232	1.39362334	1.39601591	4.70070375	4.44076343	5.83827881	3.98310461	1.68730676	6.51333340	3.72964635	0.48323529	0.79255472	3.16976204	6.21055465	5.17074484	0.93631501	4.70873195	4.49500730	2.11824700	3.16189019	1.35053620	0.00000000	6.72715118	1.12838692	5.26888648	3.62501072	4.50583343	3.33188192	2.13310848	2.48499343	5.48394554	5.27164129	5.16038925	2.12915922
3.79221593	3.04049352	4.82939375	4.78301975	2.31485977	4.73766449	5.03663967	4.56447741	4.86770067	3.20365631	4.48093956	4.36329574	0.10931026	3.11942832	4.01945947	5.86324236	0.73067583	4.76167232	5.13943546	5.76994350	5.33120304	3.15215012	3.73474171	0.93330089	3.53518954	5.18361081	0.50593422	3.43580794	6.29157499	5.93587333	4.08302204	0.56908353	2.42798821	5.79083732	5.16326933	5.46392232	4.95890753	3.68659502	5.37899884	6.72715118	0.00000000	5.95111608	4.06723554	3.35792553	6.41683156	3.55003466	5.25020277	4.78275448	1.61388158	4.91896940	1.60074398	4.92079618
2.33962400	2.94246296	1.44442844	1.36115185	4.14604118	2.72185684	0.91567829	1.71401196	1.14157489	2.87592068	1.70483005	1.67293984	6.00522689	2.95216789	3.82846929	3.97538679	5.24634337	3.78092769	3.96964022	0.26583657	0.96699039	3.64550466	3.34315664	5.11198596	2.93147250	1.55948440	5.68070071	2.73378522	0.68611738	0.81182547	2.12437035	5.47221736	4.17305046	0.77808533	3.59137684	3.39409652	1.06792921	2.27424837	0.98984640	1.12838692	5.95111608	0.00000000	4.14774683	2.68147534	3.49840830	2.42647179	1.00983654	1.39824637	4.58201054	4.14596215	4.35320279	1.09162023
2.26240192	2.52527119	2.72818603	3.90720327	1.88480811	1.50046463	3.56954869	4.02386063	3.16732202	3.45910284	2.56746930	3.57580756	4.04050699	3.43568695	0.32911912	1.84196679	3.73727731	0.78316675	1.09826902	3.88231163	4.25078262	1.21556815	0.96380882	3.81755250	1.61879245	4.60052959	3.57286583	2.06632321	4.79811559	4.69195779	2.26967702	3.96129194	1.72661019	4.55920269	1.24044374	1.61461782	3.19524674	2.77293961	4.32670907	5.26888648	4.06723554	4.14774683	0.00000000	2.35419055	2.56400647	2.63497688	3.13798682	2.80825522	2.56158937	0.85282289	3.05086071	3.19798227
0.45421165	0.35720562	1.47308775	1.82111445	1.50277115	1.84984741	1.80486213	1.81017801	1.54922708	1.14532299	1.12442977	1.40267288	3.39767920	1.14213557	2.05712671	3.42738168	2.70108454	2.53708613	2.92240574	2.46873460	2.30967765	1.28768166	1.40486928	2.62118549	0.74762847	2.46006302	3.03446729	0.29758288	3.14989694	2.88173849	0.75095000	2.94436913	1.56479555	2.73159811	2.71013966	2.83032254	1.63397444	0.50210730	2.37750211	3.62501072	3.35792553	2.68147534	2.35419055	0.00000000	3.60982861	0.32686719	1.89466623	1.42525536	1.90305991	2.88934218	1.77299111	1.60159380
3.21491819	3.94729922	2.71713201	4.13469932	4.10314127	1.77742743	3.51848755	4.43217517	3.17857731	4.66285373	2.88410186	4.04935530	6.41133415	4.68669651	2.47440216	0.90844415	5.94187710	1.78083987	1.53776514	3.28406099	4.15848687	3.26627440	2.68648540	5.95285216	3.04158891	4.72841952	5.95448422	3.35928682	4.15645137	4.29078323	2.97726788	6.18643018	3.99042706	4.21864431	1.32468858	0.96846531	3.12963614	3.71469075	4.22260067	4.50583343	6.41683156	3.49840830	2.56400647	3.60982861	0.00000000	3.69239849	2.78169230	2.84972624	4.81115564	1.84365325	5.08805612	3.16724704
0.48281407	0.51629840	1.33692650	1.49900631	1.81283588	1.97366579	1.52916903	1.48373936	1.31823781	0.97521532	0.99933606	1.07694701	3.59733879	0.99460109	2.32812938	3.58601547	2.86756450	2.75575755	3.12825824	2.22841692	1.99718560	1.60734209	1.67452325	2.76376700	1.01619127	2.13332657	3.25729026	0.57384370	2.86134592	2.57748354	0.72550567	3.10472105	1.88316280	2.42700067	2.88756935	2.97055267	1.40894798	0.17745402	2.06348046	3.33188192	3.55003466	2.42647179	2.63497688	0.32686719	3.69239849	0.00000000	1.71604993	1.26407345	2.16256116	3.11988422	1.95022546	1.37133995
1.48230649	2.21266521	0.46609352	1.38636885	3.26518573	1.72991959	0.74405034	1.72055718	0.49867120	2.43937477	0.79013300	1.42506498	5.29169659	2.49930513	2.81869257	3.10669200	4.57983282	2.79466990	3.01156907	0.74473547	1.38454152	2.68761431	2.34585606	4.47980334	1.98787607	1.94692837	4.92709408	1.87063273	1.66951182	1.63576417	1.21826902	4.81884844	3.27038092	1.52808398	2.64312034	2.49176892	0.41314747	1.60796942	1.45220292	2.13310848	5.25020277	1.00983654	3.13798682	1.89466623	2.78169230	1.71604993	0.00000000	0.47264963	3.77592289	3.16720207	3.65668635	0.46109710
1.00970832	1.74980713	0.13268700	1.31196374	2.79848666	1.51210667	0.79046384	1.58552705	0.38221968	2.05870533	0.32041757	1.20338473	4.82293410	2.11103043	2.48171673	3.03460799	4.11777641	2.56228822	2.82872158	1.14612836	1.49338921	2.24984720	1.95577002	4.02359353	1.53970718	1.96665301	4.45555215	1.39898112	2.00571518	1.88497514	0.75058118	4.35830260	2.80863137	1.75527500	2.48353378	2.39878734	0.38964998	1.17263499	1.56842612	2.48499343	4.78275448	1.39824637	2.80825522	1.42525536	2.84972624	1.26407345	0.47264963	0.00000000	3.30328274	2.94506974	3.19244490	0.40016926
2.29366413	1.65374376	3.33009126	3.58465508	0.71110904	3.12419904	3.69161479	3.45500725	3.45227978	2.19177792	2.98789183	3.14642809	1.62068252	2.11602787	2.46301760	4.29564749	1.17636058	3.19911982	3.59046130	4.37177890	4.11754759	1.54515724	2.12529894	1.26506788	1.94164504	4.11909876	1.19123306	1.90996793	5.01881857	4.71426734	2.56805038	1.40573850	0.84572216	4.56408602	3.57989071	3.86553656	3.53658430	2.32639374	4.17745008	5.48394554	1.61388158	4.58201054	2.56158937	1.90305991	4.81115564	2.16256116	3.77592289	3.30328274	0.00000000	3.39665319	0.68681515	3.50461275
2.67824183	3.12868200	2.83735094	4.18426252	2.70474935	1.44170818	3.73546922	4.36517658	3.32624177	4.03270908	2.77816680	3.91805425	4.89302473	4.02314668	0.95317251	1.02471960	4.57287454	0.38519712	0.30667380	3.88343585	4.43802172	1.95729822	1.52059708	4.64230738	2.14730843	4.87276124	4.42543082	2.59179967	4.82601635	4.79524585	2.59293764	4.80079684	2.55385066	4.67743076	0.63890056	1.00223177	3.32981058	3.22683988	4.51325302	5.27164129	4.91896940	4.14596215	0.85282289	2.88934218	1.84365325	3.11988422	3.16720207	2.94506974	3.39665319	0.00000000	3.84845467	3.34481324
2.21811324	1.44408171	3.24556440	3.22173757	1.17920431	3.33318609	3.44003544	3.03615459	3.26726151	1.69636773	2.89702255	2.79242559	1.65208646	1.61382034	2.89581791	4.67245682	0.92862238	3.60269831	4.00618400	4.16954496	3.76834605	1.90237165	2.43743720	0.87589347	2.07182266	3.68213741	1.35523772	1.88633268	4.71432246	4.37338955	2.51352722	1.17371469	1.34753568	4.22594106	3.93790409	4.18055431	3.35872828	2.08590192	3.82065819	5.16038925	1.60074398	4.35320279	3.05086071	1.77299111	5.08805612	1.95022546	3.65668635	3.19244490	0.68681515	3.84845467	0.00000000	3.32034827
1.24804417	1.88513384	0.51153916	0.96755742	3.05453062	1.90983231	0.39192661	1.28059246	0.05310361	2.00535414	0.64560849	0.96462289	4.96865697	2.06938562	2.87026486	3.40781197	4.23266272	2.96226343	3.22508121	0.86766014	1.09491810	2.57388453	2.32454551	4.11771739	1.85650032	1.58971436	4.62496019	1.64218715	1.64631477	1.49460850	1.04350789	4.46661416	3.08202401	1.36131132	2.87592569	2.77607004	0.04846662	1.23768757	1.16960776	2.12915922	4.92079618	1.09162023	3.19798227	1.60159380	3.16724704	1.37133995	0.46109710	0.40016926	3.50461275	3.34481324	3.32034827	0.00000000

EDGE_KM_T
0.00000000	1.12447720	1.42865755	2.26823231	2.09772503	1.62371241	1.63078276	2.48210628	1.32667159	1.50995955	0.94013232	1.84622275	5.33024356	1.50439610	2.74714828	3.61625597	4.44491191	3.09609591	3.48403640	2.47720862	2.62480489	1.71232226	1.83647193	4.34402527	0.92073656	3.24643649	4.72629755	0.46967652	2.96573968	3.04892791	0.41929099	4.79325591	1.98339359	2.90478083	2.98180518	2.77326605	1.46185403	0.71575395	2.73007190	3.50139854	5.30397412	2.63293491	3.19875723	0.63693401	3.53393199	0.50853504	1.95964942	1.33196677	3.04428813	3.64053622	3.13330600	1.39863239
1.12444049	0.00000000	2.55306860	2.05259270	1.67591750	2.46992224	2.51737949	2.26644794	2.45110464	1.29428235	2.06455492	1.63058226	4.20568305	1.23018167	2.96266942	3.83168595	3.32035574	3.31158037	3.69949862	3.60162678	2.53936518	1.92789851	2.05202244	3.21946279	1.13631709	3.03077241	3.60176098	0.65476854	3.88386984	3.28287088	1.54371925	3.66868889	1.88849818	3.12619396	3.19727530	3.29139651	2.58628325	0.81039002	2.56109820	4.30825202	4.17941015	3.75735817	3.41426909	0.48752621	4.65819732	0.66882507	3.08405662	2.45638487	1.91979494	3.85600523	2.00878387	2.52306406
1.42871528	2.55326446	0.00000000	1.91453381	3.52647455	1.97765321	1.27701423	2.12844448	0.70131826	2.83278604	0.48854788	1.49252597	6.75919421	2.93326984	3.10107910	3.97036555	5.87385403	3.45009866	3.83808277	1.30782402	2.27108857	2.36921371	2.19034518	5.77297979	1.73412325	2.89278596	6.15520124	1.89840076	2.61196945	2.69519443	1.00940030	6.22221930	3.41212555	2.55104802	3.33583606	3.12731272	0.69633307	1.74284928	2.37636006	3.14763428	6.73293154	1.65000110	3.55270626	2.06568798	3.21452557	1.88440890	0.53099941	0.16080974	4.47310677	3.99456927	4.56218138	0.72279241
2.26837143	2.05261641	1.91462938	0.00000000	3.72861657	3.89235178	0.66654361	0.46957563	1.21328178	2.13054461	1.98138738	0.45400496	6.05700640	2.23102974	5.01577088	5.88517886	5.17166043	5.36483934	5.75285310	1.75091480	0.68841496	3.98076334	4.10499781	5.07079461	3.18916351	0.97828477	5.45298151	2.57124601	2.03303767	1.43195822	2.29577113	5.52004017	3.94123570	1.27527983	5.25059587	5.04208327	1.21827209	1.55252455	0.71013814	2.45740676	6.03074834	1.90662426	5.46741041	2.18499881	5.12934922	1.75974938	1.52408948	1.75381024	3.77082919	5.90933055	3.85994238	1.19180948
2.09765667	1.67586139	3.52619894	3.72843798	0.00000000	3.44290130	3.49061466	3.94223866	3.42429913	2.97001807	3.03771895	3.30642499	3.23211694	2.90591448	2.13367574	4.59207542	2.34680230	3.12366847	3.54764657	4.57477783	4.08504615	1.15703402	1.97260360	2.24589093	1.79214966	4.70654637	2.62826468	1.62799804	4.85710250	4.50920342	2.51689976	2.69510383	0.21255457	4.36505499	3.76161988	4.26421818	3.55946655	2.17601452	4.19030419	5.28149356	3.20583397	4.73052410	2.02090579	1.54360140	5.63090289	1.96880266	4.05717575	3.42953578	0.94642510	3.14318086	1.30732286	3.49625452
1.62368752	2.47000415	1.97753558	3.89190691	3.44325788	0.00000000	3.25446829	4.10577514	2.67880396	3.13362264	1.91073598	3.46989707	6.67574500	3.06952265	1.30924393	1.99251724	5.79041467	1.47237383	1.86030752	3.28534350	4.24848227	2.28608454	1.47042204	5.68952610	1.65098437	4.87010359	6.07180632	1.81521331	4.58942547	4.67260797	1.59633187	6.13875535	3.32892918	4.52846078	1.35807872	1.14953712	2.67382747	2.33943284	4.35374857	5.12508339	6.64947450	3.62750900	1.57504354	1.98246616	2.18834021	2.13221448	2.36808932	2.13832932	4.38981019	2.01680942	4.47881920	2.70028124
1.63080443	2.51751011	1.27706332	0.66654474	3.49069392	3.25478738	0.00000000	1.13612097	0.57571502	2.79709055	1.34382096	1.12054974	6.72355362	2.89757571	4.37820632	5.24761721	5.83820751	4.72727595	5.11529042	1.08437211	0.99411069	3.34319702	3.46743231	5.73734190	2.55159705	1.61585389	6.11952797	1.93367887	1.36649409	1.41820461	1.65820452	6.18658760	3.37633270	1.27405867	4.61303294	4.40452060	0.58070545	1.70708333	1.09938531	1.87062304	6.69729567	1.24008141	4.82984614	2.02991045	4.49178781	1.84864049	0.88652355	1.11624395	4.43737426	5.27176765	4.52648838	0.55424276
2.48228993	2.26654523	2.12853959	0.46957036	3.94253997	4.10624740	1.13610392	0.00000000	1.42719818	1.66096368	2.19530085	0.63593729	5.58741417	1.76144853	5.22966793	6.09905028	4.70206942	5.57872608	5.96673359	2.22046701	1.15798276	4.19467589	4.31890312	4.60120182	3.40307727	0.76434752	4.98339600	2.78516579	2.50259774	1.90152357	2.50968618	5.05044611	4.15515659	1.74484527	5.46447857	5.25596371	1.43218742	1.76645098	1.17970659	2.92696769	5.56115513	2.37617790	5.68130485	2.39892285	5.34321845	1.97367530	1.73799862	1.96772243	3.60220469	6.12321294	3.39036094	1.40572549
1.32669108	2.45126445	0.70133276	1.21324829	3.42446185	2.67902018	0.57570517	1.42717131	0.00000000	2.73081446	0.76809856	1.05429956	6.65724913	2.83129891	3.80244272	4.67178925	5.77190609	4.15148645	4.53948522	1.15057608	1.56979706	2.76747232	2.89168944	5.67103602	1.97587538	2.19151657	6.05324038	1.79637957	1.91065982	1.99389716	1.08248611	6.12027852	3.31010696	1.84975097	4.03723331	3.82871528	0.13519251	1.64084367	1.67507006	2.44632666	6.63098874	1.30628898	4.25407599	1.96367678	3.91595438	1.78240210	0.63304556	0.54051838	4.37111731	4.69596725	4.46021100	0.07196443
1.50996886	1.29433049	2.83258455	2.13042518	2.97026948	3.13369075	2.79685529	1.66090904	2.73059602	0.00000000	2.34405797	1.67642300	3.92633400	0.10048196	4.25712603	5.12624433	3.04100184	4.60607793	4.99402101	3.88113480	2.81881125	3.22229359	3.34644626	2.94011594	2.43070739	2.21547256	3.32238520	1.81285796	4.16334661	3.56232672	1.82321598	3.38934711	3.18286016	3.40564942	4.49178887	4.28325067	2.86577892	1.08984160	2.84054171	4.58772539	3.90006496	4.03686048	4.70873606	1.42665894	4.93787595	1.00143074	3.36357686	2.73589295	2.63003629	5.15052004	1.72939196	2.80255699
0.94015647	2.06468323	0.48854082	1.98127050	3.03790508	1.91084105	1.34377273	2.19516973	0.76808528	2.34417848	0.00000000	1.55926212	6.27056208	2.44466167	3.03427004	3.90350081	5.38522456	3.38326719	3.77123772	1.53708231	2.33783080	1.99936963	2.12355406	5.28434646	1.24557474	2.95950770	5.66658374	1.40983916	2.67872848	2.76194201	0.52084897	5.73358320	2.92356155	2.61779539	3.26899584	3.06046757	0.76310244	1.25427324	2.44310090	3.21439145	6.24429730	1.71677411	3.48589153	1.57711712	3.14765609	1.39583396	1.01953788	0.39184052	3.98451576	3.92772837	4.07357270	0.78956028
1.84632322	1.63060357	1.49255280	0.45400412	3.30658518	3.47022520	1.12051331	0.63592512	1.05428494	1.67650428	1.55932194	0.00000000	5.60292732	1.77698844	4.59364920	5.46296935	4.71758553	4.94268232	5.33067465	2.20485670	1.14241032	3.55869476	3.68290443	4.61671363	2.76709906	1.40026872	4.99892550	2.14920220	2.48700654	1.88594515	1.87371113	5.06595482	3.51919568	1.72926709	4.82842503	4.61990467	1.18947633	1.13050352	1.16413571	2.91137857	5.57666593	2.36057108	5.04527979	1.76296961	4.70713224	1.33772662	1.68732301	1.33174045	3.31681497	5.48715864	3.40590029	1.12624896
5.32941417	4.20519062	6.75786827	6.05621251	3.23180978	6.67441522	6.72239167	5.58682790	6.65603435	3.92605143	6.26942287	5.60221649	0.00000000	3.82557648	5.36520490	7.82333158	0.88530162	6.35508778	6.77899926	7.80646842	6.74453472	4.38872820	5.20422069	1.05821540	5.02385668	6.14143180	0.60378055	4.85976922	8.08887692	7.48798872	5.74862061	0.77431356	3.34607934	7.33131383	6.99299622	7.49557040	6.79119027	5.01553041	6.76628126	8.51327711	0.15233530	7.96222999	5.25240715	4.69261648	8.86213582	4.87395483	7.28883356	6.66122623	2.28549024	6.37455390	2.19667231	6.72798560
1.50439089	1.23022293	2.93304654	2.23090015	2.90615844	3.06956182	2.89732380	1.76138740	2.83106200	0.10048178	2.44452206	1.77689813	3.82584494	0.00000000	4.19299802	5.06209982	2.94051357	4.54194328	4.92988233	3.98159807	2.91928458	3.15817556	3.28232357	2.83962653	2.36659013	2.31595196	3.22190047	1.74874458	4.26381496	3.66279846	1.92368109	3.28885687	3.11874750	3.50612122	4.42765162	4.21911196	2.96624420	1.19031403	2.94101545	4.68819429	3.79957528	4.13732469	4.64460637	1.36254831	5.03831156	1.04875077	3.46403816	2.83635622	2.56593163	5.08638259	1.62890986	2.90302271
2.74692085	2.96244545	3.10084772	5.01502719	2.13376311	1.30923031	4.37768418	5.22884531	3.80205720	4.25664231	3.03401720	4.59301501	5.36597566	4.19253965	0.00000000	2.45848469	4.48065698	0.99002693	1.41402577	4.40863663	5.37162688	1.03466165	0.91058877	4.37975149	1.82623457	5.99315838	4.76210109	2.44401760	5.71264368	5.79577600	2.71959796	4.82896861	2.01945839	5.65162789	1.62799172	2.13059753	3.79709098	3.46259066	5.47688706	6.24829344	5.33969592	4.75078846	0.45158126	2.83016963	3.49731939	3.25537712	3.49141176	3.26162258	3.08022107	1.00955374	3.16915262	3.82353818
3.61604947	3.83163826	3.96992484	5.88422967	4.59257116	1.99243740	5.24682419	6.09808053	4.67117280	5.12591052	3.90311452	5.46221902	7.82496310	5.06180961	2.45864415	0.00000000	6.93963681	1.46855306	1.04451531	5.27772617	6.24081346	3.43543364	2.61979502	6.83874238	2.80032949	6.86240365	7.22104665	3.31315420	6.58178218	6.66494728	3.58870517	7.28796742	4.47825077	6.52079977	0.83056318	0.84295037	4.66619988	4.33176861	6.34607764	7.11743727	7.79868939	5.61988694	2.57138921	3.69933275	1.03884825	4.12455192	4.36048215	4.13071204	5.53909076	1.44899923	5.62807293	4.69265137
4.44431783	3.32002914	5.87282418	5.17104124	2.34668246	5.78946321	5.83728377	4.70162341	5.77095122	3.04081346	5.38435828	4.71704366	0.88530933	2.94033674	4.48024386	6.93853229	0.00000000	5.47019182	5.89414278	6.92141173	5.85937958	3.50366938	4.31920755	0.33154415	4.13879025	5.25621711	0.99679396	3.97466477	7.20377055	6.60284909	4.86354599	0.34828829	2.46096791	6.44617360	6.10812573	6.61071420	5.90611395	4.13038401	5.88112205	7.62816534	0.85902216	7.07716424	4.36746258	3.80748513	7.97735029	3.98881163	6.40379629	5.77616963	1.40030037	5.48968537	1.31143109	5.84290492
3.09583875	3.31138924	3.44974484	5.36397488	3.12388204	1.47231156	4.72660668	5.57780621	4.15096985	4.60561652	3.38292247	4.94196332	6.35616695	4.54151456	0.99005281	1.46849620	5.47084520	0.00000000	0.42401454	4.75753877	5.72056816	1.96678480	1.25947359	5.36994417	2.17514058	6.34212334	5.75227548	2.79293872	6.06156556	6.14471111	3.06850722	5.81916449	3.00957099	6.00056324	0.63797491	1.14058641	4.14600092	3.81152846	5.82582996	6.59721747	6.32988964	5.09969420	1.10280756	3.17910145	2.50733637	3.60431365	3.84030617	3.61052469	4.07036486	0.54440514	4.15931683	4.17244985
3.48373396	3.69928591	3.83763889	5.75187177	3.54790264	1.86020354	5.11450215	5.96570385	4.53886477	4.99351490	3.77081698	5.32986025	6.78019162	4.92941298	1.41406969	1.04448295	5.89486969	0.42401542	0.00000000	5.14543309	6.10846469	2.39080386	1.64736694	5.79396892	2.56303512	6.73002120	6.17629920	3.18083411	6.44946100	6.53260729	3.45640195	6.24318941	3.43359124	6.38845944	0.50221355	0.71657188	4.53389569	4.19942479	6.21372658	6.98511303	6.75391445	5.48758873	1.52682407	3.56699744	2.08332342	3.99220991	4.22820006	3.99841901	4.49438686	0.40447710	4.58333998	4.56034472
2.47731033	3.60195464	1.30784243	1.75099605	4.57511485	3.28563013	1.08440750	2.22059523	1.15060488	3.88158795	1.53709656	2.20500212	7.80810034	3.98207433	4.40904283	5.27856553	6.92274890	4.75815745	5.14619920	0.00000000	1.06256966	3.41775397	3.49823281	6.82189103	2.78267462	1.66605719	7.20404532	2.94700764	1.30421797	1.38749153	2.05796364	7.27114229	4.46074264	1.24334600	4.64393203	4.43542957	1.01540495	2.79151743	1.06868576	1.83989070	7.78184662	0.34219031	4.86069404	3.11433416	4.52274564	2.93307239	0.91730737	1.14701441	5.52183842	5.30266810	5.61098802	1.07863778
2.62495216	2.53938460	2.27124394	0.68842540	4.08517723	4.24902598	0.99414044	1.15802254	1.56987106	2.81901321	2.33798867	1.14243137	6.74552122	2.91949948	5.37243923	6.24195197	5.86017025	5.72154985	6.10958917	1.06256361	0.00000000	4.33736836	4.46163242	5.75931169	3.54576361	0.62178070	6.14146880	2.92782148	1.34465431	0.74355332	2.65236592	6.20856246	4.29780665	0.58687453	5.60732286	5.39881952	1.57486578	1.90907286	0.10527717	1.76901989	6.71926712	1.21826720	5.82408943	2.54155686	5.48613124	2.11629976	1.88070846	2.11041669	4.45926663	6.26605881	4.54841308	1.54840034
1.71226055	1.92778749	2.36917320	3.98036959	1.15707247	2.28592725	3.34302430	4.19418891	2.76739642	3.22198711	1.99935575	3.55835747	4.38929158	3.15788452	1.03466516	3.43518712	3.50397261	1.96672589	2.39072615	3.41774501	4.33696870	0.00000000	0.81559523	3.40306754	0.79157319	4.95850235	3.78541547	1.40935759	4.67798374	4.76111726	1.68493687	3.85228495	1.04276717	4.61696917	2.60469159	3.10729792	2.76242996	2.42793216	4.44222903	5.21363369	4.36301206	3.71612706	1.48624702	1.79551059	4.47402231	2.22071850	2.90015384	2.27250301	2.10353268	1.98625368	2.19246609	2.78887732
1.83637075	2.05192563	2.19027333	4.10451193	1.97271666	1.47035824	3.46713946	4.31834549	2.89150096	3.34615805	2.12345234	3.68250047	5.20501383	3.28205621	0.91061299	2.61968361	4.31969155	1.25948146	1.64737395	3.49806811	4.46110412	0.81561482	0.00000000	4.21879128	0.91567057	5.08266330	4.60111950	1.53347127	4.80209824	4.88524602	1.80903776	4.66801214	1.85840456	4.74109820	1.78915754	2.29176999	2.88653158	2.55206383	4.56636619	5.33775051	5.17873693	3.84022415	1.36220191	1.91963580	3.65852469	2.34484880	2.58083420	2.35105402	2.91920370	1.80388843	3.00815912	2.91298081
4.34345682	3.21915066	5.77197719	5.07016013	2.24581315	5.68864092	5.73641966	4.60073339	5.67009375	2.93991446	5.28350579	4.61616214	1.05821984	2.83943726	4.37941915	6.83775097	0.33154716	5.36938457	5.79334611	6.82056135	5.75850279	3.40281843	4.21836886	0.00000000	4.03793727	5.15532435	1.32835045	3.87380159	7.10290686	6.50197647	4.76269080	0.44920953	2.36010286	6.34530081	6.00732530	6.50991760	5.80525831	4.02950958	5.78024418	7.52730019	0.95994194	6.97631143	4.26664229	3.70661473	7.87657266	3.88793805	6.30295113	5.67531928	1.29941427	5.38888546	1.21053122	5.74204811
0.92071382	1.13629839	1.73408159	3.18888916	1.79223771	1.65091711	2.55148779	3.40273786	1.97583801	2.43056569	1.24557195	2.76687841	5.02461786	2.36646466	1.82633160	2.80031210	4.13929207	2.17522974	2.56314023	2.78264225	3.54547400	0.79157992	0.91569486	4.03839691	0.00000000	4.16706032	4.42070415	0.61781803	3.88644588	3.96960882	0.89337093	4.48762143	1.67791836	3.82546127	2.06091966	2.47237254	1.97086553	1.63642971	3.65073792	4.42210062	4.99834375	2.93837542	2.27792803	1.00399483	3.83915946	1.42921323	2.26506827	1.63740033	2.73875326	2.71964921	2.82773209	1.99731674
3.24673419	3.03093625	2.89302657	0.97831338	4.70695891	4.87080965	1.61592235	0.76435586	2.19165324	2.21552959	2.95977107	1.40031903	6.14203841	2.31601588	5.99422280	6.86373736	5.25668736	6.34333415	6.73137392	1.66604928	0.62178137	4.95915082	5.08341540	5.15582893	4.16754598	0.00000000	5.53798551	3.54960343	1.94813941	1.34703805	3.27414820	5.60507978	4.91958852	1.19035926	6.22910745	6.02060427	2.19664804	2.53085433	0.62520507	2.37250494	6.11578439	1.82175276	6.44587318	3.16333851	6.10791678	2.73808126	2.50249117	2.73219918	4.36657250	6.88784342	3.94492950	2.17018255
4.72566892	3.60143188	6.15413384	5.45245175	2.62805812	6.07069986	6.11864403	4.98306026	6.05229184	3.32227685	5.66568419	4.99845540	0.60378935	3.22180153	4.76148767	7.21964784	0.99676638	5.75138402	6.17530368	7.20273138	6.14077730	3.78499072	4.60049267	1.32830164	4.42011762	5.53766204	0.00000000	4.25602229	7.48512959	6.88423450	5.14487986	1.04440146	2.74233097	6.72755949	6.38929774	6.89187487	6.18744917	4.41177479	6.16252299	7.90952867	0.57749731	7.35849108	4.64869333	4.08886398	8.25845493	4.27019988	6.68510054	6.05748921	1.68172562	5.77085582	1.59289706	6.12424359
0.46967264	0.65477336	1.89830516	2.57108993	1.62803755	1.81516658	1.93367074	2.78494798	1.79633790	1.81278522	1.40978975	2.14907962	4.86046890	1.74868468	2.44418996	3.31322017	3.97514094	2.79310641	3.18102800	2.94686227	2.92767023	1.40941078	1.53353857	3.87424893	0.61782872	3.54927330	4.25654324	0.00000000	3.26862839	3.35180069	0.88895322	4.32347572	1.51371373	3.20765331	2.67880349	2.63664895	1.93151708	1.01862349	3.03293529	3.80428465	4.83419652	3.10259289	2.89579102	0.38618437	4.00345574	0.81140611	2.42929376	1.80162038	2.57457070	3.33753359	2.66356397	1.86829753
2.96577527	3.88409646	2.61212162	2.03314750	4.85722309	4.58999984	1.36649666	2.50277934	1.91070795	4.16380497	2.67884494	2.48715510	8.09038751	4.26429309	5.71340366	6.58308536	7.20502849	6.06258226	6.45066281	1.30426680	1.34470526	4.67823065	4.80254243	7.10418165	3.88661795	1.94825133	7.48629072	3.26863613	0.00000000	0.60113572	2.99321170	7.55344081	4.74283527	0.75781514	5.94838187	5.73989346	1.91570979	3.07364443	1.32298894	0.53567805	8.06413982	0.96206758	6.16507106	3.39644636	5.82727899	3.21519625	2.22159327	2.45128130	5.80400815	6.60711986	5.89320823	1.88923980
3.04906762	3.28295373	2.69539721	1.43200163	4.50927027	4.67324588	1.41824754	1.90162280	1.99399607	3.56263770	2.76212711	1.88600872	7.48919734	3.66312524	5.79665260	6.66628239	6.60384079	6.14581031	6.53387820	1.38754644	0.74356455	4.76151097	4.88580809	6.50299035	3.96990071	1.34709152	6.88511418	3.35193108	0.60112505	0.00000000	3.07649709	6.95224693	4.72191120	0.15667923	6.03160175	5.82310875	1.99899573	2.47250654	0.72184693	1.02548672	7.46294768	1.04535012	6.24831472	2.96564700	5.91047161	2.61405938	2.30486667	2.53456090	5.20285630	6.69033911	5.29203991	1.97252713
0.41929626	1.54378929	1.00937398	2.29561519	2.51702882	1.59638282	1.65815024	2.50949722	1.08247562	1.82324494	0.52084377	1.87360600	5.74959158	1.92372721	2.71981649	3.58896349	4.86425805	3.06877993	3.45673002	2.05792199	2.65218385	1.68496671	1.80912748	4.76337414	0.89337916	3.27382991	5.14563525	0.88897475	2.99310679	3.07630310	0.00000000	5.21260673	2.40269353	2.93215616	2.95449539	2.74595973	1.07749630	0.74313078	2.75745184	3.52876695	5.72332363	2.21364607	3.17142944	1.05623878	3.11471126	0.87494948	1.54036751	0.91268016	3.46360712	3.61322691	3.55263747	1.10395188
4.79256425	3.66828771	6.22106085	5.51930163	2.69493466	6.13768271	6.18553235	5.04989000	6.11919517	3.38908629	5.73259878	5.06530435	0.77432295	3.28860990	4.82846505	7.28672331	0.34828470	5.81840087	6.24234446	7.26965075	6.20763696	3.85190880	4.66743845	0.44920588	4.48703109	5.60448560	1.04443423	4.32291270	7.55201884	6.95110358	5.21178836	0.00000000	2.80921714	6.79442820	6.45633002	6.95891582	6.25435663	4.47863976	6.22938020	7.97641464	0.62198266	7.42540495	4.71568070	4.15573808	8.32553874	4.33706679	6.75203169	6.12440863	1.74856423	5.83788930	1.65970453	6.19114842
1.98335938	1.88841291	3.41189847	3.94098891	0.21255360	3.32859522	3.37631807	4.15478756	3.31000103	3.18256493	2.92341972	3.51897582	3.34640125	3.11846123	2.01937020	4.47776003	2.46108708	3.00935896	3.43333466	4.46047812	4.29759805	1.04273444	1.85830124	2.36017503	1.67785054	4.91909465	2.74255158	1.51370124	4.74280581	4.72175627	2.40260114	2.80938744	0.00000000	4.57760781	3.64730882	4.14990625	3.44516804	2.38856696	4.40285585	5.17429004	3.32011791	4.61622495	1.90659925	1.75615476	5.51658665	2.18135529	3.94287486	3.31523607	1.06071669	3.02886969	1.51986952	3.38195628
2.90491432	3.12627054	2.55123417	1.27531661	4.36512275	4.52906568	1.27409640	1.74493159	1.84984031	3.40594025	2.61796789	1.72932342	7.33248659	3.50642747	5.65247408	6.52207372	6.44713148	6.00161966	6.38968019	1.24338574	0.58688255	4.61735068	4.74163928	6.34627895	3.82574184	1.19039841	6.72841135	3.20777930	0.75779796	0.15667911	2.93233974	6.79553403	4.57776071	0.00000000	5.88740635	5.67891069	1.85483870	2.31582616	0.56516417	1.18216065	7.30623579	0.90119112	6.10413312	2.82150022	5.76626037	2.45737960	2.16070236	2.39040020	5.04616782	6.54614335	5.13534186	1.82837091
2.98162071	3.19720159	3.33550243	5.24979180	3.76197676	1.35802619	4.61239403	5.46363863	4.03674565	4.49146455	3.26868962	4.82778097	6.99434658	4.42736342	1.62806997	0.83055451	6.10902123	0.63798679	0.50221978	4.64330224	5.60637756	2.60484757	1.78921450	6.00812543	2.06090859	6.22796051	6.39043529	2.67872446	5.94735220	6.03051326	2.95427905	6.45734950	3.64765830	5.88636568	0.00000000	0.50261817	4.03177355	3.69733377	5.71164125	6.48300664	6.96807213	4.98546190	1.74081703	3.06489974	1.86940109	3.49011747	3.72606058	3.49628812	4.70848876	0.65872944	4.79746468	4.05822451
2.77317579	3.29145380	3.12703447	5.04137993	4.26471448	1.14951763	4.40395421	5.25524140	3.82829491	4.28308209	3.06023071	4.61936978	7.49716455	4.21898173	2.13073436	0.84296854	6.61183580	1.14062248	0.71657213	4.43483984	5.39795857	3.10755508	2.29190187	6.51094495	2.47245336	6.01956777	6.89323453	2.63667456	5.73891170	5.82208743	2.74582456	6.96017256	4.15038901	5.67794011	0.50262447	0.00000000	3.82331981	3.48891092	5.50322405	6.27456852	7.47089281	4.77700349	2.24347416	2.85647026	1.36681409	3.28169322	3.51758961	3.28782568	5.21125406	1.12105990	5.30025262	3.84977269
1.46188520	2.58646383	0.69634764	1.21824368	3.55965848	2.67404249	0.58069544	1.43216937	0.13519306	2.86602001	0.76311178	1.18949986	6.79246045	2.96650461	3.79746430	4.66682389	5.90711678	4.14651328	4.53451524	1.01538516	1.57479114	2.76248601	2.88670682	5.80624761	1.97088846	2.19651546	6.18844827	1.93157434	1.91564997	1.99888999	1.07749853	6.25549076	3.44530230	1.85474385	4.03226220	3.82374533	0.00000000	1.77604183	1.68006447	2.45131725	6.76620055	1.17109733	4.24909890	2.09887373	3.91099013	1.91760001	0.49785620	0.53553224	4.50631898	4.69099629	4.59541681	0.06322843
0.71576642	0.81040227	1.74276170	1.55248455	2.17606136	2.33951477	1.70702075	1.76636679	1.64076602	1.08985838	1.25423138	1.13047538	5.01620546	1.19034066	3.46294839	4.33209636	4.13087188	3.81191223	4.19986255	2.79130964	1.90905312	2.42809803	2.55225907	4.02998804	1.63651042	2.53069954	4.41224887	1.01865403	3.07351235	2.47248636	0.74313122	4.47922068	2.38865495	2.31580895	3.69762784	3.48909226	1.77595017	0.00000000	2.01432113	3.49789014	4.98993754	2.94703367	3.91456144	0.63245007	3.84810053	0.20721970	2.27375527	1.64606781	2.73022028	4.35635937	2.81925094	1.71272744
2.73023428	2.56110533	2.37653017	0.71014691	4.19045691	4.35431946	1.09942166	1.17974666	1.67515422	2.84073997	2.44327329	1.16415300	6.76725359	2.94122638	5.47773200	6.34725748	5.88190202	5.82684774	6.21489017	1.06868753	0.10527749	4.44265344	4.56692109	5.78104434	3.65104808	0.62520880	6.16319783	3.03310297	1.32293791	0.72183430	2.75764975	6.23029574	4.40308759	0.56515547	5.71262276	5.50412054	1.68014948	2.01435104	0.00000000	1.74730307	6.74099998	1.19655399	5.92938350	2.64683623	5.59143782	2.22157819	1.98599524	2.21570194	4.48098960	6.37135886	4.57014009	1.65368369
3.50146250	4.30848597	3.14783993	2.45754284	5.28159228	5.12577292	1.87063183	2.92719443	2.44640304	4.58823998	3.21455105	2.91155136	8.51486497	4.68872915	6.24917137	7.11894929	7.62950136	6.59838869	6.98649272	1.83997761	1.76909100	5.21394020	5.33827915	7.52866119	4.42232298	2.37267248	7.91074290	3.80431854	0.53568127	1.02551223	3.52891185	7.97792513	5.17429225	1.18219201	6.48420344	6.27572353	2.45140893	3.49802496	1.74737709	0.00000000	8.48862092	1.49777300	6.70084857	3.82081794	6.36315111	3.63957488	2.75731564	2.98699216	6.22841454	7.14294260	6.31764516	2.42493634
5.30314514	4.17891438	6.73160504	6.02993519	3.20553733	6.64816219	6.69612137	5.56054689	6.62976679	3.89976671	6.24315737	5.57593899	0.15233598	3.79929156	5.33895087	7.79709547	0.85900985	6.32884096	6.75275682	7.78020379	6.71825918	4.36246334	5.17796089	0.95993890	4.99759097	6.11514966	0.57749263	4.83349929	8.06260678	7.46171490	5.72235400	0.62197886	3.31980865	7.30503994	6.96675223	7.46932798	6.76492347	4.98925583	6.74000527	8.48700638	0.00000000	7.93596436	5.22615495	4.66634358	8.83590124	4.84768062	7.26257108	6.63496161	2.25921085	6.34831012	2.17038723	6.70171831
2.63302280	3.75768721	1.65003943	1.90673164	4.73083688	3.62785555	1.24012354	2.37634107	1.30631327	4.03734413	1.71677657	2.36073819	7.96387853	4.13783105	4.75126545	5.62083806	7.07852471	5.10040016	5.48845409	0.34219311	1.21830027	3.71615840	3.84043936	6.97767031	2.93837786	1.82180618	7.35981040	3.10272262	0.96204019	1.04532400	2.21366941	7.42692404	4.61645977	0.90117867	4.98618260	4.77768454	1.17111124	2.94724535	1.19658122	1.49771459	7.93762671	0.00000000	5.20292175	3.27005743	4.86502242	3.08879932	1.25950648	1.48920755	5.67757975	5.64491927	5.76674519	1.23434541
3.19844900	3.41395079	3.55239415	5.46652911	2.02093785	1.57502971	4.82920828	5.68033560	4.25358996	4.70812088	3.48555645	5.04451638	5.25308670	4.64401760	0.45157550	2.57119514	4.36777071	1.10277121	1.52675624	4.86017865	5.82313444	1.48620292	1.36214603	4.26686130	2.27777318	6.44464510	4.64922699	2.89554290	6.16416831	6.24728899	3.17113370	4.71607561	1.90663869	6.10314067	1.74072709	2.24332790	4.24862613	3.91410128	5.92839320	6.69981618	5.22680481	5.20232731	0.00000000	3.28168552	3.61002502	3.70688886	3.94296058	3.71316463	2.96737392	1.12228842	3.05628750	4.27507180
0.63692200	0.48753284	2.06556161	2.18491098	1.54360890	1.98243553	2.02985845	2.39877354	1.96358905	1.42661533	1.57704342	1.76290088	4.69324845	1.36251503	2.83039745	3.69944961	3.80791945	3.17932273	3.56724967	3.11411701	2.54148909	1.79560500	1.91973898	3.70702897	1.00402190	3.16310025	4.08931703	0.38618802	3.39634914	2.96561744	1.05620553	4.15625684	1.75619308	2.82147015	3.06502327	2.85647922	2.09876916	0.63244116	2.64675471	3.82073013	4.66697691	3.26984640	3.28200074	0.00000000	4.17074729	0.42522335	2.59655113	1.96887513	2.40733403	3.72375363	2.49633428	2.03554901
3.53406178	4.65856616	3.21434782	5.12879417	5.63179974	2.18843844	4.49131817	5.34268199	3.91563923	4.93803514	3.14756031	4.70678525	8.86439421	5.03851772	3.49768771	1.03886356	7.97905934	2.50752419	2.08344252	4.52216317	5.48536001	4.47458600	3.65889655	7.87817739	3.83949032	6.10701646	8.26043048	4.00374168	5.82627445	5.90947656	3.11476173	8.32741137	5.51746167	5.76532973	1.86950598	1.36687017	3.91065872	3.84816135	5.59062871	6.36193556	8.83812733	4.86433402	3.61041444	4.17101040	0.00000000	3.98972317	3.60489753	3.37514895	6.57838894	2.48793985	6.66742824	3.93711506
0.50853658	0.66883597	1.88430262	1.75969819	1.96883822	2.13225372	1.84857547	1.97357324	1.78231539	1.00142762	1.39577673	1.33768868	4.87460718	1.04875743	3.25568930	4.12480229	3.98927528	3.60463906	3.99258084	2.93285329	2.11627024	2.22086008	2.34501124	3.88838901	1.42927412	2.73790379	4.27065978	0.81142594	3.21506674	2.61404794	0.87493507	4.33761991	2.18142837	2.45737066	3.49034916	3.28181050	1.91749806	0.20721901	2.22153738	3.63944569	4.84833794	3.08857927	3.70729879	0.42522781	3.98958554	0.00000000	2.41529472	1.78761144	2.58864783	4.14908027	2.67766739	1.85427627
1.95974843	3.08433482	0.53100331	1.52406534	4.05752540	2.36824694	0.88650955	1.73799498	0.63305472	3.36390011	1.01956290	1.68737220	7.29034903	3.46438491	3.49166767	4.36104652	6.40500445	3.84072441	4.22873106	0.91729010	1.88061088	2.90022543	2.58090399	6.30413661	2.26513933	2.50234228	6.68633180	2.42943854	2.22146390	2.30470788	1.54042105	6.75338072	3.94316733	2.16056181	3.72647635	3.51796118	0.49786085	2.27391103	1.98588469	2.75713182	7.26408986	1.25947235	3.94330423	2.59674113	3.60521440	2.41546882	0.00000000	0.62771507	5.00419335	4.38521068	5.09329729	0.56108980
1.33201225	2.45656402	0.16081024	1.75372863	3.42977275	2.13846711	1.11620653	1.96764062	0.54050958	2.73608865	0.39184359	1.33172085	6.66249965	2.83657251	3.26189264	4.13118551	5.77715916	3.61091478	3.99890046	1.14701429	2.11028275	2.27250919	2.35115665	5.67628537	1.63741904	2.73198250	6.05850499	1.80169805	2.45116169	2.53438799	0.91269641	6.12552520	3.31542312	2.39024161	3.49665320	3.28813042	0.53552411	1.64614824	2.21555440	2.98682674	6.63623722	1.48919173	3.71352045	1.96898634	3.37534608	1.78770773	0.62770479	0.00000000	4.37640746	4.15538648	4.46548411	0.56198363
3.04404659	1.91973761	4.47256922	3.77074666	0.94640158	4.38923694	4.43700893	3.60214208	4.37068409	2.62990890	3.98409693	3.31674860	2.28564691	2.56580465	3.08001478	5.53835362	1.40033518	4.06998302	4.49394627	5.52115284	4.45909002	2.10340983	2.91896223	1.29941959	2.73852833	4.36644596	1.68181064	2.57439101	5.80349619	5.20256437	3.46328151	1.74862947	1.06069197	5.04588869	4.70792486	5.21051778	4.50584895	2.73009718	4.48083123	6.22788929	2.25936164	5.67690253	2.96723863	2.40720299	6.57717590	2.58852579	5.00354346	4.37591077	0.00000000	4.08948511	0.96721248	4.44263856
3.64016973	3.85569902	3.99409283	5.90828147	3.14333551	2.01668952	5.27093390	6.12210199	4.69530513	5.14990140	3.92726379	5.48626941	6.37556117	5.08579887	1.00956041	1.44893596	5.49024193	0.54439621	0.40447291	5.30188265	6.26488000	1.98626056	1.80383165	5.38933725	2.71948130	6.88641579	5.77168353	3.33726706	6.60589328	6.68902800	3.61284527	5.83855495	3.02902964	6.54487994	0.65872789	1.12104469	4.69033842	4.35584315	6.37014047	7.14154343	6.34928187	5.64403514	1.12232052	3.72342103	2.48777164	4.14862937	4.38465638	4.15486860	4.08979797	0.00000000	4.17873322	4.71678593
3.13301079	2.00866633	4.56156188	3.85967003	1.30734207	4.47827976	4.52596683	3.39022376	4.45965548	1.72938514	4.07307842	3.40567112	2.19679875	1.62890691	3.16905268	5.62747962	1.31148281	4.15905637	4.58304113	5.61013863	4.54802218	2.19239446	3.00797175	1.21057333	2.82750882	3.94480873	1.59293933	2.66335079	5.89245493	5.29150499	3.55225754	1.65978759	1.51989933	5.13482897	4.79701208	5.29961279	4.59482404	2.81903411	4.56976118	6.31684508	2.17051682	5.76588338	3.05628550	2.49614812	6.66630940	2.67746446	5.09253983	4.46489660	0.96724045	4.17857339	0.00000000	4.53161128
1.39865641	2.52323356	0.72280812	1.19178031	3.49642898	2.70050087	0.55423351	1.40570524	0.07196457	2.80278800	0.78957273	1.12626933	6.72922680	2.90327255	3.82392288	4.69327879	5.84388332	4.17297039	4.56097144	1.07861304	1.54832814	2.78894682	2.91316659	5.74301389	1.99734945	2.17005110	6.12521559	1.86834537	1.88918807	1.97242733	1.10395970	6.19225686	3.38207317	1.82828118	4.05871872	3.85020152	0.06322833	1.71281190	1.65360137	2.42485523	6.70296677	1.23432542	4.27555711	2.03564414	3.93744471	1.85437015	0.56108364	0.56199301	4.44308806	4.71745277	4.53218472	0.00000000

DEMAND_SECTION
0 0
1 1
2 1
3 1
4 1
5 1
6 1
7 1
8 1
9 1
10 1
11 1
12 1
13 1
14 1
15 1
16 1
17 1
18 1
19 1
20 1
21 1
22 1
23 1
24 1
25 1
26 1
27 1
28 1
29 1
30 1
31 1
32 1
33 1
34 1
35 1
36 1
37 1
38 1
39 1
40 1
41 1
42 1
43 1
44 1
45 1
46 1
47 1
48 1
49 1
50 1
51 1

LOGISTIC_LOAD_SECTION
0	0
1	0
2	0
3	0
4	0
5	0
6	0
7	0
8	0
9	0
10	0
11	0
12	0
13	0
14	0
15	0
16	0
17	0
18	0
19	0
20	0
21	0
22	0
23	0
24	0
25	0
26	0
27	0
28	0
29	0
30	0
31	0
32	0
33	0
34	0
35	0
36	0
37	0
38	0
39	0
40	0
41	0
42	0
43	0
44	0
45	0
46	0
47	0
48	0
49	0
50	0
51	0

AVAILABILITY_LANDING_SPOT_SECTION
0	1
1	1
2	1
3	1
4	1
5	1
6	1
7	1
8	1
9	1
10	1
11	1
12	1
13	1
14	1
15	1
16	1
17	1
18	1
19	1
20	1
21	1
22	1
23	1
24	1
25	1
26	1
27	1
28	1
29	1
30	1
31	1
32	1
33	1
34	1
35	1
36	1
37	1
38	1
39	1
40	1
41	1
42	1
43	1
44	1
45	1
46	1
47	1
48	1
49	1
50	1
51	1

CUSTOMER_DRONE_PREFERENCE_SECTION
0	1
1	1
2	1
3	1
4	1
5	1
6	1
7	1
8	1
9	1
10	1
11	1
12	1
13	1
14	1
15	1
16	1
17	1
18	1
19	1
20	1
21	1
22	1
23	1
24	1
25	1
26	1
27	1
28	1
29	1
30	1
31	1
32	1
33	1
34	1
35	1
36	1
37	1
38	1
39	1
40	1
41	1
42	1
43	1
44	1
45	1
46	1
47	1
48	1
49	1
50	1
51	1

PRICE_SECTION
0	3
1	3
2	3
3	3
4	3
5	3
6	3
7	3
8	3
9	3
10	3
11	3
12	3
13	3
14	3
15	3
16	3
17	3
18	3
19	3
20	3
21	3
22	3
23	3
24	3
25	3
26	3
27	3
28	3
29	3
30	3
31	3
32	3
33	3
34	3
35	3
36	3
37	3
38	3
39	3
40	3
41	3
42	3
43	3
44	3
45	3
46	3
47	3
48	3
49	3
50	3
51	3

PRIORITY_DELIVERY_TIME_SECTION
0	0
1	0
2	0
3	0
4	0
5	0
6	0
7	0
8	0
9	0
10	0
11	0
12	0
13	0
14	0
15	0
16	0
17	0
18	0
19	0
20	0
21	0
22	0
23	0
24	0
25	0
26	0
27	0
28	0
29	0
30	0
31	0
32	0
33	0
34	0
35	0
36	0
37	0
38	0
39	0
40	0
41	0
42	0
43	0
44	0
45	0
46	0
47	0
48	0
49	0
50	0
51	0

EOF
