NAME: multi_modal_data
TYPE: MM

VEHICLES: 2
DIMENSION: 50

NUM_T: 2
NUM_D: 1

MAXIMUM_SYSTEM_DURATION: 300
UNIT: MIN

SERVICETIME: 5
UNIT: MIN

TAKEOFF_LANDING_TIME: 2
UNIT: MIN

MAX_WAITING_TIME: 99999999
UNIT: MIN

INIT_SOC: 100
MAX_SOC: 100
MIN_SOC_T: 3
MIN_SOC_D: 3
UNIT: %

DEMAND_T: 26
DEMAND_D: 0
UNIT: EA

MASS_T: 1940
MASS_D: 15
UNIT: KG

LIFT_TO_DRAG: 3
POWER_MOTOR_PROP: 0.5
UNIT: RATIO

POWER_ELEC: 0.1
UNIT: KW

CARGO_LIMIT_TRUCK: 99999999999999
UNIT: KG

CARGO_LIMIT_DRONE: 6
UNIT: KG

BATTERY_KWH_T: 100
BATTERY_KWH_D: 0.3
UNIT: KWH 

ENERGY_KWH/KM_T: 1.0
ENERGY_KWH/KM_D: 0.1
UNIT: KWH/KM

CHARGING_KW_D: 0.5
CHARGING_KW_T: 80
UNIT: KW 

LOSISTIC_KWH/KG_T: 0.001
LOSISTIC_KWH/KG_D: 0.001
UNIT: KWH/KG

SPEED_T: 0.3
SPEED_D: 1.0
UNIT: KM/MIN

ALTITUDE: 100
UNIT: M

CURVY_AIR: 1.0
UNIT: RATIO

CURVY_ROAD: 1.2
UNIT: RATIO

DEPOT_SECTION
0

EDGE_KM_D_TYPE: EUC_2D(haversine)
EDGE_KM_T_TYPE: MAN_2D(haversine)
EDGE_KM_D_FORMAT : FULL_MATRIX
EDGE_KM_T_FORMAT : FULL_MATRIX

NODE_COORD_SECTION
0	37.49433713	126.85759943
1	37.48249945	126.89718832
2	37.49813087	126.84090177
3	37.50071131	126.82503325
4	37.50993037	126.88396998
5	37.50793050	126.88228623
6	37.50753763	126.85263396
7	37.49942181	126.88522580
8	37.49453220	126.87292935
9	37.47766378	126.83277401
10	37.49615567	126.84310577
11	37.50399885	126.85435342
12	37.51085303	126.88315071
13	37.49052714	126.85210277
14	37.49968595	126.88004175
15	37.49706723	126.86553476
16	37.49542072	126.85689519
17	37.50563496	126.82883845
18	37.50513576	126.82500950
19	37.49442305	126.86710539
20	37.48066549	126.88928605
21	37.50349592	126.89267849
22	37.48227948	126.82096972
23	37.48399768	126.82886873
24	37.49921081	126.85912681
25	37.48618482	126.82204754
26	37.48503766	126.83934664
27	37.50856481	126.82794212
28	37.50136946	126.88862679
29	37.48534290	126.89955828
30	37.50150163	126.87126705
31	37.49225820	126.86457625
32	37.49172314	126.82768853
33	37.48470412	126.89876647
34	37.48674590	126.84358605
35	37.49205213	126.89191558
36	37.48979147	126.82398895
37	37.49062380	126.85938537
38	37.47757855	126.84238865
39	37.49921267	126.84680502
40	37.49233256	126.87151565
41	37.49510650	126.83959473
42	37.50288970	126.83140385
43	37.49549516	126.84792433
44	37.49685261	126.86726184
45	37.48900616	126.88020985
46	37.48193449	126.84513499
47	37.49383240	126.81788655
48	37.48358697	126.90166275
49	37.49188189	126.85187787

EDGE_KM_D
0.00000000	3.73274117	1.53230279	2.95912288	2.90135916	2.65091143	1.53179663	2.50193869	1.35263478	2.86972053	1.29455895	1.11184425	2.90742197	0.64393710	2.06727841	0.76305730	0.13556546	2.83118689	3.11567140	0.83870514	3.18235359	3.25788271	3.49894088	2.78343967	0.55843041	3.26505056	1.91383085	3.05737168	2.84672313	3.83470150	1.44516259	0.65750663	2.65485513	3.78679338	1.49704328	3.03818638	3.00809996	0.44194677	2.29646759	1.09579637	1.24782668	1.59073458	2.49896808	0.86322410	0.89715653	2.08105659	1.76391600	3.50407699	4.06732982	0.57388392
3.73274117	0.00000000	5.26146490	6.68035126	3.26550177	3.11848307	4.81682966	2.15746412	2.52416981	5.70932886	5.00747486	4.47177270	3.38728089	4.07695031	2.43735276	3.22854371	3.83442584	6.55592348	6.84733457	2.96695695	0.72649540	2.36836491	6.72540576	6.03060241	3.83793039	6.64273532	5.11152566	6.76172657	2.23007121	0.37907372	3.11362359	3.07523490	6.21730006	0.28193596	4.75311667	1.15962316	6.50932411	3.45563606	4.86641455	4.81805152	2.51523359	5.27131410	6.23101916	4.58047921	3.08526712	1.66364110	4.59351093	7.10944702	0.41291426	4.13172331
1.53230279	5.26146490	0.00000000	1.42898702	4.01932198	3.80982068	1.47145685	3.91283088	2.85371054	2.38615009	0.29333333	1.35420702	3.98630380	1.30053607	3.45718855	2.17633393	1.44277597	1.35229285	1.60378528	2.34819785	4.68991514	4.60633044	2.48984674	1.89653225	1.61226492	2.12873639	1.46235167	1.62880263	4.22554506	5.36687517	2.70483486	2.18832893	1.36621794	5.31906494	1.28791376	4.55105487	1.75678802	1.83192744	2.28907998	0.53448843	2.77672758	0.35551474	0.99097837	0.68536078	2.32982383	3.61331758	1.83927868	2.08594097	5.59943018	1.19185324
2.95912288	6.68035126	1.42898702	0.00000000	5.29895281	5.11379133	2.55029609	5.31193646	4.28088320	2.65221387	1.67287641	2.61216144	5.24911807	2.64302287	4.85401011	3.59587714	2.87173953	0.64219505	0.49198218	3.77688694	6.09137026	5.97531860	2.08064808	1.88902841	3.01225676	1.63661110	2.15224075	0.91018818	5.61042988	6.79343521	4.07949247	3.61293864	1.02652488	6.74427077	2.25623465	5.97848854	1.21772275	3.23153262	2.99353179	1.92785655	4.20523398	1.42780373	0.61196196	2.10107646	3.74996719	5.03884854	2.73946333	0.99125237	7.02376538	2.56370912
2.90135916	3.26550177	4.01932198	5.29895281	0.00000000	0.26741004	2.77682131	1.17373968	1.96982047	5.76834177	3.91668369	2.69441144	0.12549025	3.54372029	1.19066699	2.16573619	2.88225201	4.88642989	5.22804546	2.27740855	3.28773395	1.04975905	6.35174004	5.65199257	2.49464434	6.06739796	4.81236855	4.94432919	1.03678030	3.06038447	1.46081941	2.60545574	5.36183743	3.09389026	4.39754406	2.10792140	5.74570389	3.05160673	5.13797776	3.48827399	2.24412468	4.24740947	4.70245456	3.56189033	2.07049592	2.35019584	4.62913589	6.09816492	3.31916551	3.47021820
2.65091143	3.11848307	3.80982068	5.11379133	0.26741004	0.00000000	2.61592784	0.98101631	1.70320309	5.51436166	3.69597107	2.50243526	0.33379642	3.29165025	0.93789058	1.90860386	2.63665963	4.72147919	5.06188661	2.01229019	3.09399213	1.04091113	6.11541136	5.41207150	2.26136493	5.83852830	4.56401565	4.79406348	0.91928271	2.93770693	1.20658321	2.34046739	5.14257712	2.96377828	4.14792486	1.95932004	5.52426271	2.79013673	4.87656095	3.27657533	1.97761805	4.02696304	4.52322833	3.33172248	1.80940303	2.11225146	4.37016567	5.89339853	3.20146422	3.22188513
1.53179663	4.81682966	1.47145685	2.55029609	2.77682131	2.61592784	0.00000000	3.01332686	2.30146880	3.75560703	1.51930125	0.42171478	2.71689137	1.89206371	2.57052464	1.62807180	1.39879672	2.10961916	2.45133236	1.93811829	4.40279015	3.56082122	3.96129490	3.35369163	1.08873316	3.59423893	2.76288766	2.18099808	3.24822723	4.81954642	1.77540919	1.99912165	2.81691979	4.79690864	2.44585324	3.86954660	3.20619673	1.97278981	3.45175556	1.05891497	2.37341132	1.79827763	1.94273285	1.40203432	1.75406340	3.18813845	2.92280331	3.42321481	5.07956176	1.74211914
2.50193869	2.15746412	3.91283088	5.31193646	1.17373968	0.98101631	3.01332686	0.00000000	1.21342500	5.22210811	3.73351889	2.77055310	1.28420777	3.08504801	0.45826677	1.75674545	2.53861663	5.02190363	5.34980166	1.69247095	2.11615201	0.79840859	5.98104494	5.25968931	2.30251546	5.76499636	4.35229232	5.15438189	0.37002177	2.01240136	1.25292038	1.98827885	5.14774478	2.02618343	3.93478906	1.00987766	5.50762567	2.48076041	4.49269947	3.38947648	1.44373674	4.05408065	4.76357036	3.31957556	1.61031018	1.23983251	4.03638411	5.97315672	2.28107248	3.05915547
1.35263478	2.52416981	2.85371054	4.28088320	1.96982047	1.70320309	2.30146880	1.21342500	0.00000000	4.00890863	2.63729665	1.94768918	2.02644558	1.89064099	0.84977313	0.71066086	1.41802655	4.08079241	4.38870318	0.51395378	2.11193022	2.00719364	4.78260242	4.06010478	1.32414830	4.58417123	3.14544062	4.26428787	1.57978862	2.56202140	0.78871871	0.77912382	4.00358013	2.52800603	2.72983917	1.69760693	4.34988738	1.27150558	3.28866420	2.36273886	0.27455422	2.94157751	3.77935461	2.20861233	0.56264849	0.88891241	2.82420411	4.85671172	2.81214949	1.88050298
2.86972053	5.70932886	2.38615009	2.65221387	5.76834177	5.51436166	3.75560703	5.22210811	4.00890863	0.00000000	2.24922125	3.49284589	5.77689670	2.22588625	4.83622364	3.60698469	2.90313143	3.12957907	3.13061847	3.55650481	4.99787022	6.01537062	1.16120109	0.78408292	3.33866070	1.33924862	1.00431902	3.46238505	5.58856140	5.95450718	4.30815698	3.24153601	1.62645454	5.87550936	1.38926267	5.45810295	1.55545167	2.75502907	0.84848162	2.69703516	3.78756405	2.03076616	2.80760230	2.39128814	3.71646636	4.37147055	1.18963635	2.22661757	6.11431059	2.31102857
1.29455895	5.00747486	0.29333333	1.67287641	3.91668369	3.69597107	1.51930125	3.73351889	2.63729665	2.24922125	0.00000000	1.32103222	3.89220395	1.01082229	3.28203177	1.98130207	1.21927214	1.64167852	1.88295721	2.12605530	4.42362574	4.44868119	2.48901018	1.84539548	1.45362559	2.16357976	1.27998354	1.92178273	4.05742670	5.12375206	2.55447063	1.94315293	1.44671927	5.07325049	1.04717790	4.33030196	1.82903475	1.56244204	2.06665377	0.47122203	2.54222340	0.33099266	1.27528864	0.43140091	2.13248427	3.36868625	1.59142850	2.23985977	5.35211467	0.90817125
1.11184425	4.47177270	1.35420702	2.61216144	2.69441144	2.50243526	0.42171478	2.77055310	1.94768918	3.49284589	1.32103222	0.00000000	2.65203117	1.51108979	2.31628092	1.25180406	0.97984696	2.25805014	2.59155937	1.54896009	4.02867697	3.38121428	3.80884813	3.16250843	0.67879940	3.47085789	2.48961019	2.38441045	3.03748889	4.49538077	1.51763347	1.58671716	2.71971318	4.46721504	2.14074308	3.57006291	3.10991469	1.55207843	3.12170851	0.85243021	1.99377194	1.63488175	2.02820212	1.10261879	1.38857809	2.82535090	2.58473685	3.40988447	4.75104445	1.36493170
2.90742197	3.38728089	3.98630380	5.24911807	0.12549025	0.33379642	2.71689137	1.28420777	2.02644558	5.77689670	3.89220395	2.65203117	0.00000000	3.55105099	1.27164821	2.18278809	2.88251498	4.82574349	5.16774526	2.31108069	3.40006605	1.17284694	6.33935574	5.64353495	2.48329866	6.04820983	4.81387128	4.87634471	1.15989598	3.18456522	1.47651021	2.63818754	5.33502696	3.21747427	4.40090811	2.22896901	5.72041642	3.07490007	5.15967388	3.45750788	2.30098646	4.22237636	4.64962643	3.54576418	2.09476169	2.44307811	4.64628967	6.06033206	3.44372779	3.47284493
0.64393710	4.07695031	1.30053607	2.64302287	3.54372029	3.29165025	1.89206371	3.08504801	1.89064099	2.22588625	1.01082229	1.51108979	3.55105099	0.00000000	2.66695911	1.39037654	0.68910198	2.65222633	2.88990393	1.39270784	3.45923369	3.85916586	2.89601187	2.17476154	1.14732463	2.69539574	1.28036063	2.92671647	3.44037241	4.22655420	2.08509859	1.11720590	2.15810897	4.16781581	0.86106653	3.51666601	2.48179190	0.64261958	1.67563698	1.07293745	1.72446739	1.21534424	2.28565918	0.66412783	1.51107774	2.48562198	1.13616496	3.04105872	4.44036344	0.15194277
2.06727841	2.43735276	3.45718855	4.85401011	1.19066699	0.93789058	2.57052464	0.45826677	0.84977313	4.83622364	3.28203177	2.31628092	1.27164821	2.66695911	0.00000000	1.31249980	2.09634000	4.56502221	4.89229828	1.28254557	2.26679692	1.19253939	5.55957930	4.84011986	1.84582289	5.33225511	3.94256004	4.70066808	0.78013415	2.34700658	0.79996745	1.59490699	4.70281308	2.34614207	3.52348635	1.34827907	5.06606907	2.08240085	4.13274551	2.93253773	1.11101478	3.60438949	4.30537827	2.87145761	1.17062355	1.18763243	3.65800848	5.52187727	2.61597287	2.63184882
0.76305730	3.22854371	2.17633393	3.59587714	2.16573619	1.90860386	1.62807180	1.75674545	0.71066086	3.60698469	1.98130207	1.25180406	2.18278809	1.39037654	1.31249980	0.00000000	0.78387492	3.37445524	3.68582352	0.32503448	2.77807012	2.49895277	4.26191648	3.54641600	0.61350009	4.02304022	2.66977939	3.55409268	2.09254819	3.27268092	0.70629589	0.54138558	3.39139741	3.23824521	2.25100919	2.39328181	3.75359161	0.89870648	2.97771288	1.66945499	0.74538017	2.29883312	3.07974748	1.56341942	0.15422180	1.57471528	2.46392415	4.21899818	3.52236725	1.33571447
0.13556546	3.83442584	1.44277597	2.87173953	2.88225201	2.63665963	1.39879672	2.53861663	1.41802655	2.90313143	1.21927214	0.97984696	2.88251498	0.68910198	2.09634000	0.78387492	0.00000000	2.72321927	3.01315306	0.90757968	3.29536214	3.28193969	3.49031385	2.77990500	0.46515621	3.24152100	1.93136100	2.94270284	2.87641622	3.92735958	1.43690284	0.76346582	2.60934219	3.88168372	1.51962851	3.11227456	2.96988944	0.57686744	2.36101481	0.98496898	1.33480442	1.52669159	2.39725498	0.79147399	0.92831754	2.17711961	1.82357776	3.44600118	4.16323254	0.59226916
2.83118689	6.55592348	1.35229285	0.64219505	4.88642989	4.72147919	2.10961916	5.02190363	4.08079241	3.12957907	1.64167852	2.25805014	4.82574349	2.65222633	4.56502221	3.37445524	2.72321927	0.00000000	0.34228437	3.59864751	6.01246060	5.63645240	2.68819863	2.40596056	2.76570342	2.24420551	2.47082937	0.33524099	5.29538481	6.63454576	3.77085870	3.48599048	1.55024833	6.59365784	2.47068849	5.76588887	1.81292121	3.16988985	3.34095041	1.73836237	4.04505075	1.50696603	0.37999274	2.02633843	3.52741207	4.89468235	3.00205514	1.62966153	6.87666981	2.54356926
3.11567140	6.84733457	1.60378528	0.49198218	5.22804546	5.06188661	2.45133236	5.34980166	4.38870318	3.13061847	1.88295721	2.59155937	5.16774526	2.88990393	4.89229828	3.68582352	3.01315306	0.34228437	0.00000000	3.89995649	6.28982683	5.97199315	2.56637431	2.37498221	3.08090456	2.12339161	2.56792776	0.46076117	5.62748618	6.93536377	4.10048022	3.77281475	1.51002714	6.89226726	2.62055527	6.07901642	1.70858401	3.43521295	3.42644643	2.03235655	4.34268952	1.70269849	0.61687836	2.28811980	3.83943621	5.18957663	3.13182713	1.40520110	7.17457583	2.79110677
0.83870514	2.96695695	2.34819785	3.77688694	2.27740855	2.01229019	1.93811829	1.69247095	0.51395378	3.55650481	2.12605530	1.54896009	2.31108069	1.39270784	1.28254557	0.32503448	0.90757968	3.59864751	3.89995649	0.00000000	2.48398882	2.47131331	4.28870455	3.56722729	0.88253384	4.07956196	2.66220928	3.79583422	2.04971180	3.03608685	0.86851665	0.32823043	3.49049442	2.99519407	2.24380053	2.20469751	3.83870849	0.80148321	2.87477179	1.86842600	0.45324256	2.42826743	3.28723645	1.69640366	0.27050730	1.30365627	2.38454551	4.34277568	3.27844469	1.37284331
3.18235359	0.72649540	4.68991514	6.09137026	3.28773395	3.09399213	4.40279015	2.11615201	2.11193022	4.99787022	4.42362574	4.02867697	3.40006605	3.45923369	2.26679692	2.77807012	3.29536214	6.01246060	6.28982683	2.48398882	0.00000000	2.55621464	6.03082689	5.34395558	3.36644182	5.96455323	4.43325313	6.23806409	2.30291365	1.04501382	2.80985538	2.53278703	5.57229895	0.94944613	4.08868463	1.28722035	5.85013468	2.86121213	4.15251486	4.27799139	2.03505724	4.66913695	5.67326113	4.00464632	2.64873085	1.22535216	3.89840279	6.46761891	1.13938823	3.52842385
3.25788271	2.36836491	4.60633044	5.97531860	1.04975905	1.04091113	3.56082122	0.79840859	2.00719364	6.01537062	4.44868119	3.38121428	1.17284694	3.85916586	1.19253939	2.49895277	3.28193969	5.63645240	5.97199315	2.47131331	2.55621464	0.00000000	6.75208746	6.03264635	2.99788267	6.52181882	5.13331541	5.73813520	0.42855155	2.10780732	1.90176266	2.77627626	5.88095027	2.15748184	4.71456735	1.27427186	6.24852200	3.26732679	5.29075138	4.07467650	2.24197325	4.77494442	5.40565279	4.04709659	2.36072681	1.95088066	4.83139726	6.68496211	2.35139910	3.82408033
3.49894088	6.72540576	2.48984674	2.08064808	6.35174004	6.11541136	3.96129490	5.98104494	4.78260242	1.16120109	2.48901018	3.80884813	6.33935574	2.89601187	5.55957930	4.26191648	3.49031385	2.68819863	2.56637431	4.28870455	6.03082689	6.75208746	0.00000000	0.72269559	3.85719438	0.44454598	1.65026143	2.98682523	6.33535593	6.94271012	4.92549056	4.00429477	1.20586766	6.86980438	2.05643118	6.35332732	0.87674746	3.51422822	1.96097398	2.95650227	4.59773049	2.17594587	2.46973099	2.79559645	4.39403892	5.28023662	2.13264377	1.31311428	7.12160707	2.92867227
2.78343967	6.03060241	1.89653225	1.88902841	5.65199257	5.41207150	3.35369163	5.25968931	4.06010478	0.78408292	1.84539548	3.16250843	5.64353495	2.17476154	4.84011986	3.54641600	2.77990500	2.40596056	2.37498221	3.56722729	5.34395558	6.03264635	0.72269559	0.00000000	3.16041741	0.64914296	0.93172608	2.73296623	5.61491897	6.23909241	4.21669201	3.28167856	0.86532168	6.16796044	1.33404447	5.63433269	0.77486942	2.79153264	1.39021955	2.31656798	3.87523726	1.55608713	2.11257314	2.11213136	3.67660168	4.56408369	1.45350776	1.46108894	6.42322538	2.21133112
0.55843041	3.83793039	1.61226492	3.01225676	2.49464434	2.26136493	1.08873316	2.30251546	1.32414830	3.33866070	1.45362559	0.67879940	2.48329866	1.14732463	1.84582289	0.61350009	0.46515621	2.76570342	3.08090456	0.88253384	3.36644182	2.99788267	3.85719438	3.16041741	0.00000000	3.57765440	2.35142714	2.94094634	2.61343593	3.88615262	1.10084660	0.91038996	2.89583124	3.85134897	1.94961018	3.00022025	3.27214236	0.95510623	2.82257907	1.08700237	1.33399492	1.78253983	2.47957807	1.07117149	0.76407156	2.17882315	2.28348913	3.68708643	4.13544270	1.03591052
3.26505056	6.64273532	2.12873639	1.63661110	6.06739796	5.83852830	3.59423893	5.76499636	4.58417123	1.33924862	2.16357976	3.47085789	6.04820983	2.69539574	5.33225511	4.02304022	3.24152100	2.24420551	2.12339161	4.07956196	5.96455323	6.52181882	0.44454598	0.64914296	3.57765440	0.00000000	1.53168934	2.54229681	6.11176808	6.83970743	4.66441571	3.81258376	0.79180892	6.77123350	1.90143054	6.19887392	0.43609103	3.33111450	2.03404709	2.62096509	4.41776527	1.83873249	2.03265120	2.50681053	4.16175193	5.14133638	2.09124496	0.92623519	7.03077178	2.70709259
1.91383085	5.11152566	1.46235167	2.15224075	4.81236855	4.56401565	2.76288766	4.35229232	3.14544062	1.00431902	1.27998354	2.48961019	4.81387128	1.28036063	3.94256004	2.66977939	1.93136100	2.47082937	2.56792776	2.66220928	4.43325313	5.13331541	1.65026143	0.93172608	2.35142714	1.53168934	0.00000000	2.80290264	4.71176960	5.31285054	3.35892128	2.36638681	1.26911741	5.24303100	0.41952353	4.70330903	1.45449093	1.87398216	0.87177026	1.70803285	2.95191910	1.11981927	2.10511423	1.38740647	2.79138308	3.63235970	0.61637943	2.13104698	5.50085961	1.34224596
3.05737168	6.76172657	1.62880263	0.91018818	4.94432919	4.79406348	2.18099808	5.15438189	4.26428787	3.46238505	1.92178273	2.38441045	4.87634471	2.92671647	4.70066808	3.55409268	2.94270284	0.33524099	0.46076117	3.79583422	6.23806409	5.73813520	2.98682523	2.73296623	2.94094634	2.54229681	2.80290264	0.00000000	5.41252499	6.82531527	3.90160414	3.70565232	1.87284356	6.78817576	2.79122087	5.93470428	2.11643293	3.41672987	3.67370065	1.96217195	4.24657750	1.81553050	0.70104250	2.28456020	3.70497856	5.09813442	3.32703333	1.86292069	7.07197505	2.81066108
2.84672313	2.23007121	4.22554506	5.61042988	1.03678030	0.91928271	3.24822723	0.37002177	1.57978862	5.58856140	4.05742670	3.03748889	1.15989598	3.44037241	0.78013415	2.09254819	2.87641622	5.29538481	5.62748618	2.04971180	2.30291365	0.42855155	6.33535593	5.61491897	2.61343593	6.11176808	4.71176960	5.41252499	0.00000000	2.02630467	1.53146561	2.35122944	5.48199911	2.05773095	4.29350512	1.07589997	5.84601264	2.84300895	4.86221735	3.69716296	1.81342299	4.38126505	5.05072126	3.64965216	1.95054622	1.56246796	4.40385185	6.29671433	2.28747948	3.40935400
3.83470150	0.37907372	5.36687517	6.79343521	3.06038447	2.93770693	4.81954642	2.01240136	2.56202140	5.95450718	5.12375206	4.49538077	3.18456522	4.22655420	2.34700658	3.27268092	3.92735958	6.63454576	6.93536377	3.03608685	1.04501382	2.10780732	6.94271012	6.23909241	3.88615262	6.83970743	5.31285054	6.82531527	2.02630467	0.00000000	3.07544077	3.18081556	6.38067002	0.09963051	4.94108718	1.00561969	6.68593136	3.59281468	5.11793065	4.90308554	2.59340649	5.40074195	6.32149090	4.69336145	3.12365531	1.75507655	4.81704238	7.26740778	0.26944959	4.26923611
1.44516259	3.11362359	2.70483486	4.07949247	1.46081941	1.20658321	1.77540919	1.25292038	0.78871871	4.30815698	2.55447063	1.51763347	1.47651021	2.08509859	0.79996745	0.70629589	1.43690284	3.77085870	4.10048022	0.86851665	2.80985538	1.90176266	4.92549056	4.21669201	1.10084660	4.66441571	3.35892128	3.90160414	1.53146561	3.07544077	0.00000000	1.18525810	3.99534143	3.06183493	2.94212291	2.10294647	4.36949897	1.60056385	3.68350257	2.17291389	1.01979110	2.88316975	3.51989335	2.16486757	0.62616114	1.59780519	3.17009726	4.78580455	3.34059626	2.01744970
0.65750663	3.07523490	2.18832893	3.61293864	2.60545574	2.34046739	1.99912165	1.98827885	0.77912382	3.24153601	1.94315293	1.58671716	2.63818754	1.11720590	1.59490699	0.54138558	0.76346582	3.48599048	3.77281475	0.32823043	2.53278703	2.77627626	4.00429477	3.28167856	0.91038996	3.81258376	2.36638681	3.70565232	2.35122944	3.18081556	1.18525810	0.00000000	3.25501665	3.13138568	1.95074941	2.41215545	3.59140874	0.49271751	2.54893712	1.74815274	0.61229223	2.22662122	3.15621946	1.51255261	0.56314421	1.42593558	2.06402224	4.12292546	3.41128918	1.12111289
2.65485513	6.21730006	1.36621794	1.02652488	5.36183743	5.14257712	2.81691979	5.14774478	4.00358013	1.62645454	1.44671927	2.71971318	5.33502696	2.15810897	4.70281308	3.39139741	2.60934219	1.55024833	1.51002714	3.49049442	5.57229895	5.88095027	1.20586766	0.86532168	2.89583124	0.79180892	1.26911741	1.87284356	5.48199911	6.38067002	3.99534143	3.25501665	0.00000000	6.31965157	1.50787366	5.66665063	0.39073852	2.79920101	2.03865468	1.88091530	3.86730357	1.11576079	1.28419907	1.83390224	3.53758926	4.64370908	1.88528780	0.89602470	6.58926483	2.13421833
3.78679338	0.28193596	5.31906494	6.74427077	3.09389026	2.96377828	4.79690864	2.02618343	2.52800603	5.87550936	5.07325049	4.46721504	3.21747427	4.16781581	2.34614207	3.23824521	3.88168372	6.59365784	6.89226726	2.99519407	0.94944613	2.15748184	6.86980438	6.16796044	3.85134897	6.77123350	5.24303100	6.78817576	2.05773095	0.09963051	3.06183493	3.13138568	6.31965157	0.00000000	4.87407121	1.01634761	6.62197970	3.53645466	5.03743916	4.85995608	2.54959601	5.34726206	6.27762493	4.64344729	3.09045387	1.70574762	4.74227428	7.20783394	0.28414700	4.21330564
1.49704328	4.75311667	1.28791376	2.25623465	4.39754406	4.14792486	2.44585324	3.93478906	2.72983917	1.38926267	1.04717790	2.14074308	4.40090811	0.86106653	3.52348635	2.25100919	1.51962851	2.47068849	2.62055527	2.24380053	4.08868463	4.71456735	2.05643118	1.33404447	1.94961018	1.90143054	0.41952353	2.79122087	4.29350512	4.94108718	2.94212291	1.95074941	1.50787366	4.87407121	0.00000000	4.30471833	1.76192010	1.45914875	1.02482571	1.41503477	2.54130549	0.99411713	2.09225138	1.04545982	2.37196109	3.24112524	0.55218626	2.40044667	5.13639365	0.92809829
3.03818638	1.15962316	4.55105487	5.97848854	2.10792140	1.95932004	3.86954660	1.00987766	1.69760693	5.45810295	4.33030196	3.57006291	2.22896901	3.51666601	1.34827907	2.39328181	3.11227456	5.76588887	6.07901642	2.20469751	1.28722035	1.27427186	6.35332732	5.63433269	3.00022025	6.19887392	4.70330903	5.93470428	1.07589997	1.00561969	2.10294647	2.41215545	5.66665063	1.01634761	4.30471833	0.00000000	5.99828015	2.87444106	4.65693916	4.05861710	1.80007828	4.62846226	5.47267165	3.89993615	2.23958290	1.08689448	4.27813703	6.53423398	1.27500069	3.53243670
3.00809996	6.50932411	1.75678802	1.21772275	5.74570389	5.52426271	3.20619673	5.50762567	4.34988738	1.55545167	1.82903475	3.10991469	5.72041642	2.48179190	5.06606907	3.75359161	2.96988944	1.81292121	1.70858401	3.83870849	5.85013468	6.24852200	0.87674746	0.77486942	3.27214236	0.43609103	1.45449093	2.11643293	5.84601264	6.68593136	4.36949897	3.59140874	0.39073852	6.62197970	1.76192010	5.99828015	0.00000000	3.12434571	2.11660736	2.26919953	4.20267325	1.49831852	1.59661829	2.20489854	3.89764795	4.96111086	2.06020868	0.70126185	6.88800746	2.47153290
0.44194677	3.45563606	1.83192744	3.23153262	3.05160673	2.79013673	1.97278981	2.48076041	1.27150558	2.75502907	1.56244204	1.55207843	3.07490007	0.64261958	2.08240085	0.89870648	0.57686744	3.16988985	3.43521295	0.80148321	2.86121213	3.26732679	3.51422822	2.79153264	0.95510623	3.33111450	1.87398216	3.41672987	2.84300895	3.59281468	1.60056385	0.49271751	2.79920101	3.53645466	1.45914875	2.87444106	3.12434571	0.00000000	2.08645710	1.46421525	1.08695497	1.81579285	2.82028311	1.14709932	0.98111896	1.84610750	1.58571850	3.67862410	3.81140902	0.67697832
2.29646759	4.86641455	2.28907998	2.99353179	5.13797776	4.87656095	3.45175556	4.49269947	3.28866420	0.84848162	2.06665377	3.12170851	5.15967388	1.67563698	4.13274551	2.97771288	2.36101481	3.34095041	3.42644643	2.87477179	4.15251486	5.29075138	1.96097398	1.39021955	2.82257907	2.03404709	0.87177026	3.67370065	4.86221735	5.11793065	3.68350257	2.54893712	2.03865468	5.03743916	1.02482571	4.65693916	2.11660736	2.08645710	0.00000000	2.43696216	3.04900858	1.96455010	2.97667123	2.05123855	3.06749954	3.57095151	0.54160209	2.81786896	5.27284025	1.79738910
1.09579637	4.81805152	0.53448843	1.92785655	3.48827399	3.27657533	1.05891497	3.38947648	2.36273886	2.69703516	0.47122203	0.85243021	3.45750788	1.07293745	2.93253773	1.66945499	0.98496898	1.73836237	2.03235655	1.86842600	4.27799139	4.07467650	2.95650227	2.31656798	1.08700237	2.62096509	1.70803285	1.96217195	3.69716296	4.90308554	2.17291389	1.74815274	1.88091530	4.85995608	1.41503477	4.05861710	2.26919953	1.46421525	2.43696216	0.00000000	2.31036123	0.78299874	1.41881529	0.42499947	1.82366685	3.15807902	1.92689014	2.62042594	5.14236678	0.92992182
1.24782668	2.51523359	2.77672758	4.20523398	2.24412468	1.97761805	2.37341132	1.44373674	0.27455422	3.78756405	2.54222340	1.99377194	2.30098646	1.72446739	1.11101478	0.74538017	1.33480442	4.04505075	4.34268952	0.45324256	2.03505724	2.24197325	4.59773049	3.87523726	1.33399492	4.41776527	2.95191910	4.24657750	1.81342299	2.59340649	1.01979110	0.61229223	3.86730357	2.54959601	2.54130549	1.80007828	4.20267325	1.08695497	3.04900858	2.31036123	0.00000000	2.83304588	3.72828780	2.11082515	0.62725911	0.85159256	2.59897292	4.73437417	2.83210832	1.73329370
1.59073458	5.27131410	0.35551474	1.42780373	4.24740947	4.02696304	1.79827763	4.05408065	2.94157751	2.03076616	0.33099266	1.63488175	4.22237636	1.21534424	3.60438949	2.29883312	1.52669159	1.50696603	1.70269849	2.42826743	4.66913695	4.77494442	2.17594587	1.55608713	1.78253983	1.83873249	1.11981927	1.81553050	4.38126505	5.40074195	2.88316975	2.22662122	1.11576079	5.34726206	0.99411713	4.62846226	1.49831852	1.81579285	1.96455010	0.78299874	2.83304588	0.00000000	1.12744793	0.73612828	2.44855065	3.64696403	1.54407952	1.92040458	5.62404580	1.14145513
2.49896808	6.23101916	0.99097837	0.61196196	4.70245456	4.52322833	1.94273285	4.76357036	3.77935461	2.80760230	1.27528864	2.02820212	4.64962643	2.28565918	4.30537827	3.07974748	2.39725498	0.37999274	0.61687836	3.28723645	5.67326113	5.40565279	2.46973099	2.11257314	2.47957807	2.03265120	2.10511423	0.70104250	5.05072126	6.32149090	3.51989335	3.15621946	1.28419907	6.27762493	2.09225138	5.47267165	1.59661829	2.82028311	2.97667123	1.41881529	3.72828780	1.12744793	0.00000000	1.67334876	3.23373384	4.57414059	2.62622116	1.56087085	6.55968061	2.18188936
0.86322410	4.58047921	0.68536078	2.10107646	3.56189033	3.33172248	1.40203432	3.31957556	2.20861233	2.39128814	0.43140091	1.10261879	3.54576418	0.66412783	2.87145761	1.56341942	0.79147399	2.02633843	2.28811980	1.69640366	4.00464632	4.04709659	2.79559645	2.11213136	1.07117149	2.50681053	1.38740647	2.28456020	3.64965216	4.69336145	2.16486757	1.51255261	1.83390224	4.64344729	1.04545982	3.89993615	2.20489854	1.14709932	2.05123855	0.42499947	2.11082515	0.73612828	1.67334876	0.00000000	1.71264871	2.93839478	1.52783107	2.65647349	4.92273321	0.53205835
0.89715653	3.08526712	2.32982383	3.74996719	2.07049592	1.80940303	1.75406340	1.61031018	0.56264849	3.71646636	2.13248427	1.38857809	2.09476169	1.51107774	1.17062355	0.15422180	0.92831754	3.52741207	3.83943621	0.27050730	2.64873085	2.36072681	4.39403892	3.67660168	0.76407156	4.16175193	2.79138308	3.70497856	1.95054622	3.12365531	0.62616114	0.56314421	3.53758926	3.09045387	2.37196109	2.23958290	3.89764795	0.98111896	3.06749954	1.82366685	0.62725911	2.44855065	3.23373384	1.71264871	0.00000000	1.43742149	2.56182225	4.36893712	3.37460087	1.46545959
2.08105659	1.66364110	3.61331758	5.03884854	2.35019584	2.11225146	3.18813845	1.23983251	0.88891241	4.37147055	3.36868625	2.82535090	2.44307811	2.48562198	1.18763243	1.57471528	2.17711961	4.89468235	5.18957663	1.30365627	1.22535216	1.95088066	5.28023662	4.56408369	2.17882315	5.14133638	3.63235970	5.09813442	1.56246796	1.75507655	1.59780519	1.42593558	4.64370908	1.70574762	3.24112524	1.08689448	4.96111086	1.84610750	3.57095151	3.15807902	0.85159256	3.64696403	4.57414059	2.93839478	1.43742149	0.00000000	3.19313510	5.52473159	1.98645910	2.52005177
1.76391600	4.59351093	1.83927868	2.73946333	4.62913589	4.37016567	2.92280331	4.03638411	2.82420411	1.18963635	1.59142850	2.58473685	4.64628967	1.13616496	3.65800848	2.46392415	1.82357776	3.00205514	3.13182713	2.38454551	3.89840279	4.83139726	2.13264377	1.45350776	2.28348913	2.09124496	0.61637943	3.32703333	4.40385185	4.81704238	3.17009726	2.06402224	1.88528780	4.74227428	0.55218626	4.27813703	2.06020868	1.58571850	0.54160209	1.92689014	2.59897292	1.54407952	2.62622116	1.52783107	2.56182225	3.19313510	0.00000000	2.74414126	4.99124280	1.25595190
3.50407699	7.10944702	2.08594097	0.99125237	6.09816492	5.89339853	3.42321481	5.97315672	4.85671172	2.22661757	2.23985977	3.40988447	6.06033206	3.04105872	5.52187727	4.21899818	3.44600118	1.62966153	1.40520110	4.34277568	6.46761891	6.68496211	1.31311428	1.46108894	3.68708643	0.92623519	2.13104698	1.86292069	6.29671433	7.26740778	4.78580455	4.12292546	0.89602470	7.20783394	2.40044667	6.53423398	0.70126185	3.67862410	2.81786896	2.62042594	4.73437417	1.92040458	1.56087085	2.65647349	4.36893712	5.52473159	2.74414126	0.00000000	7.47887916	3.00673106
4.06732982	0.41291426	5.59943018	7.02376538	3.31916551	3.20146422	5.07956176	2.28107248	2.81214949	6.11431059	5.35211467	4.75104445	3.44372779	4.44036344	2.61597287	3.52236725	4.16323254	6.87666981	7.17457583	3.27844469	1.13938823	2.35139910	7.12160707	6.42322538	4.13544270	7.03077178	5.50085961	7.07197505	2.28747948	0.26944959	3.34059626	3.41128918	6.58926483	0.28414700	5.13639365	1.27500069	6.88800746	3.81140902	5.27284025	5.14236678	2.83210832	5.62404580	6.55968061	4.92273321	3.37460087	1.98645910	4.99124280	7.47887916	0.00000000	4.48838656
0.57388392	4.13172331	1.19185324	2.56370912	3.47021820	3.22188513	1.74211914	3.05915547	1.88050298	2.31102857	0.90817125	1.36493170	3.47284493	0.15194277	2.63184882	1.33571447	0.59226916	2.54356926	2.79110677	1.37284331	3.52842385	3.82408033	2.92867227	2.21133112	1.03591052	2.70709259	1.34224596	2.81066108	3.40935400	4.26923611	2.01744970	1.12111289	2.13421833	4.21330564	0.92809829	3.53243670	2.47153290	0.67697832	1.79738910	0.92992182	1.73329370	1.14145513	2.18188936	0.53205835	1.46545959	2.52005177	1.25595190	3.00673106	4.48838656	0.00000000

EDGE_KM_T
0.00000000	4.80896941	1.89497436	3.58188468	4.06039866	3.68947712	1.90590268	3.00269187	1.37415366	4.04418386	1.48089690	1.36071028	4.09071450	0.90858705	2.57470633	1.00365734	0.18262030	3.79366263	4.07595760	0.84820541	4.31572940	4.11321639	4.57235862	3.68442399	0.67668092	4.04301477	2.64438301	4.19852442	3.51930842	4.70187841	2.00246450	0.84668826	2.92951213	4.70305136	2.08041878	3.28157773	3.47069502	0.57046658	3.20542262	1.49445815	1.45063926	1.67399066	3.26207412	0.98233971	1.13216273	2.58755259	2.47877046	3.55973888	5.08279316	0.77778742
4.80952293	0.00000000	6.70473071	8.39186283	4.21653870	4.14273328	6.71549502	2.93722727	3.47853704	6.22147127	6.29062244	6.17027859	4.39142454	4.87088236	3.42402727	4.41290138	4.99215308	8.60358760	8.88593608	3.98029304	0.90120616	2.73264145	6.74981101	6.19495665	5.21668009	7.04004102	5.38605045	9.00846191	2.85370053	0.52529584	4.40018066	3.96273713	7.15812814	0.38439948	5.20192311	1.52746542	7.26977659	4.23903139	5.38257563	6.30413199	3.35868911	6.48376528	8.07196322	5.79199789	4.23664344	2.22165423	4.65588508	8.25757050	0.51573946	5.04136894
1.89489952	6.70369146	0.00000000	1.68683921	5.11148879	4.74057481	2.08099012	4.05377638	3.22560238	2.99286426	0.41406758	1.83918486	5.14180831	1.83364158	3.62581408	2.29137457	1.71228238	1.89863422	2.18091203	2.72395391	6.21048688	5.16426748	3.52098613	2.63308689	1.72788242	2.99164711	1.59309286	2.30349199	4.57037768	6.59658984	3.05361158	2.74155652	1.87816975	6.59776634	1.50275805	5.17632342	2.41933606	2.46535810	2.41648906	0.64107066	3.34547641	0.45160160	1.36705720	0.91260318	2.46760063	4.48235076	2.17440970	2.50835257	6.97749515	1.66315915
3.58163944	8.39031062	1.68679084	0.00000000	6.22428558	5.85337673	3.19388247	5.45334076	4.91229555	3.24563127	2.10085170	2.95207197	6.25460759	3.52039826	4.96665230	3.97809029	3.39902445	0.88316577	0.49407274	4.41066484	7.89713015	6.27703770	2.40799724	2.19682369	3.17444943	1.87866150	3.00550454	1.12987934	5.68316025	8.28320177	4.16644711	4.42827516	1.23367758	8.28438068	3.18954070	6.86295867	1.30635637	4.15209257	4.10327536	2.08726258	5.03217389	1.90778437	0.80421713	2.59937260	4.15431108	6.16902172	3.86118762	1.39535428	8.66410066	3.34991651
4.05991282	4.21611036	5.11088835	6.22364357	0.00000000	0.37089052	3.03006182	1.27927074	2.68604160	8.10363928	5.13611675	3.27189105	0.17485929	4.96839860	1.48561996	3.05640168	4.00153955	5.34051927	5.73376061	3.21188255	3.72301592	1.48361505	8.63159653	7.74380744	3.38326004	8.10227254	6.70395953	5.09379594	1.36268726	4.10897570	2.05770013	3.67568758	6.98887385	4.11016324	6.14007341	2.68881581	7.52998856	4.31528729	7.26505519	4.46990000	3.05532710	5.56247173	5.41949587	4.78454004	2.92792811	2.65833201	6.53845364	7.61891997	4.48985168	4.83759483
3.68908065	4.14228559	4.74009564	5.85288837	0.37089450	0.00000000	2.65924138	1.20541770	2.31517319	7.73286578	4.76531883	2.90106655	0.40122350	4.59757942	1.11473475	2.68555075	3.63070904	4.96975506	5.36300546	2.84102791	3.64917248	1.40977962	8.26085092	7.37304317	3.01242426	7.73152439	6.33317049	4.86409611	1.28884226	4.03515653	1.68683566	3.30483891	6.61811236	4.03634220	5.76927435	2.61497858	7.15923582	3.94445089	6.89425896	4.09909334	2.68446204	5.19168211	5.04872560	4.41373073	2.55707310	2.28744641	6.16765092	7.24818165	4.41603749	4.46677618
1.90582523	6.71417721	2.08085972	3.19365986	3.03015042	2.65925515	0.00000000	3.77730379	3.23635772	5.07363365	2.10608189	0.54516558	3.06047905	1.93833829	3.29065713	2.30221209	1.72321592	2.31052478	2.70377696	2.73477397	6.22106044	3.98166916	5.60162431	4.71381287	1.49862290	5.07229727	3.67393530	2.29223666	3.86072993	6.60704925	2.31476327	2.75240469	3.95888261	6.60823455	3.11003719	5.18686776	4.50000780	2.47626396	4.23502235	1.43985467	3.35624746	2.53244680	2.38949412	1.75449154	2.47841895	4.49302519	3.50841303	4.58895649	6.98793118	1.80753515
3.00252592	2.93698815	4.05370878	5.45343246	1.27928633	1.20544725	3.77761631	0.00000000	1.62846435	7.04656062	4.07890981	3.23243425	1.45415579	3.91107995	0.48669638	1.99891625	2.94416139	5.66523328	5.94750524	2.15437762	2.44379560	1.11047976	7.57466444	6.68677728	2.32585418	7.04532706	5.64679926	6.07008969	0.51659612	2.82988292	1.46267438	2.61821405	5.93185833	2.83106063	5.08286051	1.40962813	6.47301898	3.25787821	6.20785715	3.41264713	1.99776741	4.50530838	5.13366019	3.72727327	1.87042124	1.60066437	5.48122150	6.56202616	3.21078504	3.78027897
1.37415013	3.47819226	3.22573854	4.91264518	2.68624246	2.31532131	3.23666957	1.62853538	0.00000000	5.41832825	2.81166159	2.69147757	2.71655849	2.28273591	1.20055103	0.93425926	1.51338818	5.12442402	5.40671810	0.52594691	2.98495407	2.73905819	5.94650027	5.05856747	1.73794691	5.41715667	4.01852892	5.52928560	2.14515115	3.37110072	0.92161999	0.98979795	4.30365535	3.37227385	3.45456567	1.95080179	4.84483738	1.62949210	4.57956924	2.82522370	0.36931123	3.00475454	4.59283610	2.31310551	0.75802586	1.25677934	3.85291771	4.93387981	3.75201499	2.15193623
4.04467273	6.22183910	2.99306074	3.24584199	8.10559064	7.73463595	5.07433447	7.04790858	5.41912826	0.00000000	2.96791635	4.83257078	8.13589036	3.13597744	6.61982097	5.04848633	4.10301916	3.45754501	3.73991538	4.89306532	5.32058785	8.15857984	1.55489414	1.04891389	4.72138373	1.89403726	1.39993029	3.86242445	7.56459209	6.74714846	6.04740636	4.42916390	2.01209213	6.60624758	1.96397800	6.81876505	2.12376172	3.78936634	0.85790583	3.63427411	5.04978887	2.54142755	2.92590597	3.31967674	5.17702573	5.44711532	1.56565682	3.11159052	6.73760409	3.26677264
1.48086576	6.28975009	0.41407272	2.10094896	5.13678182	4.76586391	2.10621002	4.07907233	2.81160439	2.96769070	0.00000000	1.86440878	5.16709943	1.41959499	3.65109794	2.08008013	1.29824698	2.31273509	2.59502183	2.30994233	5.79652706	5.18958083	3.49584011	2.60792244	1.75311747	2.96649857	1.56790396	2.71759495	4.59568157	6.18265399	3.07887497	2.32753903	1.85300805	6.18382864	1.08869159	4.76236974	2.39418299	2.05132850	2.12895011	0.66627696	2.93147512	0.42641213	1.78115208	0.49854684	2.20858181	4.06836976	1.76034685	2.48321375	6.56356422	1.24911203
1.36067322	6.16919074	1.83909160	2.95195809	3.27209863	2.90119631	0.54517277	3.23226730	2.69126981	4.83189952	1.86430455	0.00000000	3.30242383	1.69652333	2.74559896	1.75709326	1.17806096	2.43266112	2.71491238	2.18966171	5.67604093	3.43666383	5.35993954	4.47209506	0.95347728	4.83060799	3.43217368	2.83751268	3.31570765	6.06207269	1.76966841	2.20728185	3.71716974	6.06325468	2.86825784	4.64185924	4.25831040	1.93111942	3.99324802	1.19806187	2.81115364	2.29068414	2.14776571	1.51269406	1.93330734	3.94796772	3.26662721	4.34728460	6.44296342	1.56572113
4.09021591	4.39095434	5.14117323	6.25391115	0.17485839	0.40122051	3.06035949	1.45412776	2.71636139	8.13391530	5.16640403	3.30219059	0.00000000	4.99869569	1.51594751	3.08671341	4.03184186	5.37079099	5.76402816	3.24219600	3.89786852	1.65846395	8.66185968	7.77407920	3.41356479	8.13253686	6.73424271	5.12406669	1.53754058	4.28381710	2.08801811	3.70599827	7.01914432	4.28500550	6.17036121	2.86366554	7.56025500	4.34559232	7.29534169	4.50019132	3.08564536	5.59275518	5.44977039	4.81483257	2.95824173	2.68865975	6.56874313	7.64917976	4.66469079	4.86789167
0.90861179	4.87045489	1.83374218	3.52072392	4.96912912	4.59820001	1.93834896	3.91142798	2.28283444	3.13568380	1.41965481	1.69655915	4.99944128	0.00000000	3.48341912	1.91230484	0.96696892	3.73248475	4.01479695	1.75685998	4.37717932	5.02198604	3.66391169	2.77594150	1.58529958	3.13456299	1.73585337	4.13735057	4.42805984	4.76337456	2.91113780	1.29299698	2.28701440	4.76454394	1.17187006	3.68218284	2.56223450	0.65327827	2.29687929	1.43319941	1.91351653	1.61276437	3.20088469	0.92107593	2.04081801	2.64896166	1.57021477	3.38636388	5.14429877	0.17048445
2.57456452	3.42367918	3.62574217	4.96671894	1.48566751	1.11475661	3.29091139	0.48669476	1.20050773	6.61859148	3.65094389	2.74572986	1.51598853	3.48311683	0.00000000	1.57095732	2.51619977	5.17852095	5.46079171	1.72641918	2.93048909	1.53843022	7.14669162	6.25880692	1.89789325	6.61735458	5.21883217	5.58337707	0.94454785	3.31657321	0.97597526	2.19025482	5.50388761	3.31775116	4.65489474	1.89632080	6.04504711	2.82991736	5.77989101	2.98468236	1.56981035	4.07734137	4.64694865	3.29930885	1.44246285	1.20236962	5.05325621	6.13405239	3.69747467	3.35231578
1.00363175	4.41235672	2.29140552	3.97826465	3.05668186	2.68576576	2.30237168	1.99897103	0.93423711	5.04773554	2.08005597	1.75718483	3.08700035	1.91220107	1.57100220	0.00000000	0.94526918	4.19005488	4.47233750	0.43258131	3.91914219	3.10947151	5.57587222	4.68796307	0.80366846	5.04653185	3.64795589	4.59491378	2.51557661	4.30525808	0.99878867	0.61930046	3.93304741	4.30643358	3.08400533	2.88498204	4.47421836	1.25897907	4.20900531	1.89090836	1.05410936	2.50646432	3.65847464	1.72840602	0.17622823	2.19099465	3.48236201	4.56324253	4.68616605	1.78140072
0.18261940	4.99153813	1.71233359	3.39922359	4.00200370	3.63108432	1.72327692	2.94429531	1.51337135	4.10251329	1.29825895	1.17808672	4.03232060	0.96694122	2.51631640	0.94528599	0.00000000	3.61100642	3.89329649	1.01170422	4.49830823	4.05481028	4.63067293	3.74274841	0.61831777	4.10133046	2.70272084	4.01586706	3.46090750	4.88444410	1.94408581	1.02929873	2.98783505	4.88561806	2.13876204	3.46415319	3.52901320	0.75308369	3.26376435	1.31182494	1.63324085	1.56122879	3.07942119	0.79970793	1.07378916	2.77014304	2.53711571	3.61804924	5.26535615	0.83614130
3.79327874	8.60171963	1.89852726	0.88314364	5.34079909	4.96990004	2.31057827	5.66481935	5.12384567	3.45741498	2.31257530	2.43261179	5.37112588	3.73206953	5.17816105	4.18968342	3.61066784	0.00000000	0.39326080	4.62224883	8.10858513	5.86920146	3.29111724	2.40863012	3.38607984	2.76178777	3.21725002	0.40484983	5.74825313	8.49459699	4.20224748	4.63987387	1.64836042	8.49578051	3.40126151	7.07439835	2.18949393	4.36372148	4.31500314	2.29896467	5.24373223	2.11952840	0.53155427	2.81106818	4.36589417	6.38052949	4.07289943	2.27845634	8.87548364	3.56158909
4.07554182	8.88400605	2.18078050	0.49407262	5.73409465	5.36319461	2.70385536	5.94709872	5.40611779	3.73966342	2.59482984	2.71487296	5.76442096	4.01432937	5.46043736	4.47195118	3.89293051	0.39326306	0.00000000	4.90451752	8.39086689	6.15148522	2.89785882	2.69087626	3.66834382	2.36852872	3.49950234	0.63998130	6.03053450	8.77688480	4.48451862	4.92214106	1.72773632	8.77806786	3.68351633	7.35668166	1.79623374	4.64598561	4.59725725	2.58122139	5.52600352	2.40178087	0.81380191	3.09332556	4.64816295	6.66280590	4.35515516	1.88519975	9.15777269	3.84384880
0.84820444	3.97986938	2.72406868	4.41097738	3.21219154	2.84127018	2.73499820	2.15448463	0.52594766	4.89238578	2.30999145	2.18980597	3.24250747	1.75679094	1.72649961	0.43258622	1.01171625	4.62275572	4.90505030	0.00000000	3.48663016	3.26500839	5.42055933	4.53262550	1.23627470	4.89121559	3.49258559	5.02761742	2.67110083	3.87277814	1.15425867	0.46385136	3.77771353	3.87395117	2.92862180	2.45247823	4.31889604	1.10354618	4.05362552	2.32355308	0.62154183	2.50308486	4.09116747	1.81143475	0.28395731	1.75845427	3.32697364	4.40793927	4.25369268	1.62599128
4.31624106	0.90122327	6.21148501	7.89865152	3.72319970	3.64939792	6.22222391	2.44388555	2.98522196	5.32038754	5.79737197	5.67700375	3.89808731	4.37761239	2.93069678	3.91960232	4.49887273	8.11036804	8.39272482	3.48699058	0.00000000	2.83797997	6.20768924	5.70173703	4.72339491	6.54683619	4.89280812	8.51524430	2.36035145	1.42652424	3.90686917	3.46944014	6.66491108	1.28562617	4.70867159	1.49816789	6.77656754	3.74574565	4.48147107	5.81087350	2.86537709	5.99052242	7.57873811	5.29873698	3.74334063	1.72832338	4.03698800	7.76437468	1.41697242	4.54809946
4.11283682	2.73252960	5.16393929	6.27681514	1.48368126	1.40983408	3.98186040	1.11044389	2.73884905	8.15675201	5.18915094	3.43668660	1.65854678	5.02136439	1.53837334	3.10926535	4.05446890	5.86936281	6.15161633	3.26473428	2.83788849	0.00000000	8.68479899	7.79694986	3.43617243	8.15546680	6.75702229	6.27421489	0.59386414	2.62541296	2.11052022	3.72855853	7.04202523	2.62659448	6.19310394	1.33979151	7.58316807	4.36819771	7.31809483	4.52290606	3.10814530	5.61553260	5.47261901	4.83753759	2.98077865	2.71108412	6.59147239	7.67214587	3.00630495	4.89056233
4.57288029	6.74983081	3.52135932	2.40808571	8.63365442	8.26270892	5.60256909	7.57596552	5.94725223	1.55482980	3.49620292	5.36079603	8.66395861	3.66421496	7.14790617	5.57665062	4.63123055	3.29133433	2.89796789	5.42122105	6.20755903	8.68659614	0.00000000	0.88804714	5.24958296	0.52935920	1.92823734	3.53802837	8.09263048	7.27512725	6.57553940	4.95733342	1.64294218	7.13423068	2.49226195	7.34678551	1.10170660	4.31756416	2.41268322	4.16254051	5.57792055	3.06973325	3.21244154	3.84793703	5.70518060	5.97519960	2.17065528	1.55667958	7.26557140	3.79501139
3.68477486	6.19483576	2.63328777	2.19689942	7.74549551	7.37455342	4.71447374	6.68780405	5.05911571	1.04888468	2.60812689	4.47269719	7.77580135	2.77612068	6.25975522	4.68852910	3.74312656	2.40863089	2.69097263	4.53309634	5.70149927	7.79841956	0.88803111	0.00000000	4.36147443	0.84507235	1.04016895	2.81350363	7.20446213	6.38693672	5.68740625	4.06921384	0.96316941	6.24604176	1.60418495	6.45861048	1.07481133	3.42945511	1.90671859	3.27445698	4.68978690	2.18166435	2.32438925	2.95985123	4.81705558	5.08704831	1.66468507	2.06259449	6.46871414	2.90691757
0.67667213	5.21592879	1.72785917	3.17450987	3.38357470	3.01266286	1.49868678	2.32586068	1.73787062	4.72071306	1.75305965	0.95350428	3.41389527	1.58522753	1.89790499	0.80365223	0.61830777	3.38630973	3.66858265	1.23622957	4.72273427	3.43634229	5.24881985	4.36093070	0.00000000	4.71948220	3.32095004	3.79116636	2.84245765	5.10882414	1.32571368	1.25383540	3.60601205	5.11000165	2.75701022	3.68856746	4.14717363	0.97764360	3.88200717	1.08720870	1.85774645	2.17945910	2.85473598	1.40142190	0.97987609	2.99460971	3.15537083	4.23618235	5.48972678	1.45442661
4.04335711	7.03971398	2.99191316	1.87871273	8.10400962	7.73307188	5.07306882	7.04631492	5.41765835	1.89392932	2.96674659	4.83128783	8.13431758	3.13471714	6.61827949	5.04709085	4.10171063	2.76194380	2.36859503	4.89165403	6.54639791	8.15691117	0.52935423	0.84505473	4.72005274	0.00000000	1.65391538	3.00864198	7.56296421	6.93264579	6.04595319	4.42777807	1.11355696	6.93381111	1.96280341	6.81710407	0.57233845	3.78803274	2.75173839	3.63306712	5.04833319	2.54029311	2.68303918	3.31845848	5.17561286	5.44557214	2.50969778	1.21751139	7.31358079	3.26551460
2.64458350	5.38587706	1.59311691	3.00576955	6.70527179	6.33433176	3.67428848	5.64757879	4.01890554	1.39987306	1.56795333	3.43250981	6.73557864	1.73593607	5.21953632	3.64832800	2.70293606	3.21750570	3.49984273	3.49289332	4.89255026	6.75818516	1.92817748	1.04015608	3.32128120	1.65393882	0.00000000	3.62237734	6.16423269	5.34669388	4.64719812	3.02901392	1.77204281	5.27997634	0.56401080	5.41837701	1.88368019	2.38926156	1.09782714	2.23427887	3.64957846	1.14149509	2.68588901	1.91967175	3.77685236	4.04682920	0.85579025	2.87145585	5.65974995	1.86673323
4.19802589	9.00632972	2.30333222	1.12985234	5.09388635	4.86405537	2.29220669	6.06947086	5.52853975	3.86224808	2.71737263	2.83737018	5.12421597	4.13683571	5.58283050	4.59440310	4.01541743	0.40484672	0.63996942	5.02696308	8.51322258	6.27382716	3.53781187	2.81347674	3.79082170	3.00848614	3.62206036	0.00000000	6.15289286	8.89919888	4.60694732	5.04459687	1.89507832	8.90038514	3.80605718	7.47902669	2.43619902	4.76846244	4.71980295	2.70374919	5.64843121	2.52433789	0.93639212	3.21584883	4.77060787	6.78519836	4.47768973	2.52514031	9.28007824	3.96635605
3.51905065	2.85350970	4.57019507	5.68311080	1.36273437	1.28889142	3.86099224	0.51658830	2.14502435	7.56302821	4.59540118	3.31581413	1.53760194	4.42759202	0.94453077	2.51545924	3.46068450	5.74855445	6.03081759	2.67092422	2.36033532	0.59387432	8.09110486	7.20323588	2.84238242	7.56176997	6.16328198	6.15340879	0.00000000	2.74639902	1.54609319	3.13475483	6.44831422	2.74757854	5.59935298	1.32616181	6.98946635	3.77440704	6.72434687	3.92914701	2.51432416	5.02179167	5.21698726	4.24377573	2.38696820	2.11724113	5.99771754	7.07845949	3.12729629	4.29679053
4.70232417	0.52528788	6.59747586	8.28455469	4.10942849	4.03561742	6.60827958	2.83012128	3.37138976	6.74654282	6.18337500	6.06306892	4.28431158	4.76366513	3.31690387	4.30572927	4.88495195	8.49629224	8.77862786	3.87312620	1.42646750	2.62556049	7.27484292	6.38682441	5.10948646	6.93272286	5.34667217	8.90116354	2.74660597	0.00000000	4.29302779	3.85556180	7.05082892	0.14089370	5.09467728	1.42038189	7.16246494	4.13183862	5.90767948	6.19689697	3.25153708	6.37650605	7.96467648	5.68476663	4.12947712	2.11453140	5.18099815	8.15023836	0.38093711	4.93415096
2.00234882	4.39959883	3.05349066	4.16640394	2.05782664	1.68691936	2.31489616	1.46264008	0.92160631	6.04632255	3.07869711	1.76971831	2.08814942	2.91088935	0.97595644	0.99875864	1.94398256	4.20245469	4.48471724	1.15422387	3.90642570	2.11057067	6.57439738	5.68652961	1.32568083	6.04506265	4.64657733	4.60730889	1.54609048	4.29248778	0.00000000	1.61805408	4.93160777	4.29366743	4.08264898	2.87225177	5.47275934	2.25770549	5.20764269	2.41244351	1.04148597	3.50508706	3.67088789	2.72707240	0.87026787	2.17832570	4.48101378	5.56175153	4.67338472	2.78008781
0.84670540	3.96236125	2.74172076	4.42867004	3.67609250	3.30516683	2.75262026	2.61838880	0.98982039	4.42861574	2.32763789	2.20742364	3.70640633	1.29297147	2.19039052	0.61930591	1.02932742	4.64043865	4.92274302	0.46385783	3.46910182	3.72893162	4.95681948	4.06886545	1.25388016	4.42747298	3.02879875	5.04530264	3.13501370	3.85527607	1.61812715	0.00000000	3.31395650	3.85644707	2.46482411	2.43495661	3.85514847	0.63970809	3.58983089	2.34119006	0.62050537	2.52074027	4.10884383	1.82906886	0.74781554	1.74090272	2.86317199	4.29429537	4.23619599	1.16217239
2.92960449	7.15737101	1.87826976	1.23370577	6.99008452	6.61915779	3.95934868	5.93238161	4.30380546	2.01200769	1.85308878	3.71755644	7.02039784	2.28697991	5.50438007	3.93328633	2.98796262	1.64837932	1.72777877	3.77783924	6.66410663	7.04292911	1.64286724	0.96315865	3.60629013	1.11352006	1.77195075	1.89508336	6.44900864	7.05028732	4.93211117	3.31397981	0.00000000	7.05145783	1.95603192	5.70312699	0.54119432	2.91875155	2.86975387	2.51938511	3.93448955	1.42665827	1.56945791	2.20476915	4.06179705	4.93590182	2.62769529	1.09933564	7.43120856	2.15179941
4.70351976	0.38439537	6.59868406	8.28577485	4.11060419	4.03679438	6.60947892	2.83129603	3.37257378	6.60569891	6.18458153	6.06426696	4.28548789	4.76486487	3.31808253	4.30691887	4.88614807	8.49750953	8.77984805	3.87431463	1.28558095	2.62672962	7.13400791	6.24598345	5.11068090	6.93394528	5.27999975	8.90238152	2.74777815	0.14089430	4.29421307	3.85675213	7.05204709	0.00000000	5.09588345	1.42155160	7.16368590	4.13303287	5.76682831	6.19810071	3.25272218	6.37771523	7.96589184	5.68596953	4.13066543	2.11570993	5.04014491	8.15146392	0.37977476	4.93535087
2.08054443	5.20165428	1.50279415	3.18984676	6.14117952	5.77024289	3.11025943	5.08348400	3.45483554	1.96386204	1.08869693	2.86847729	6.17148803	1.17190809	4.65545198	3.08427292	2.13889841	3.40159060	3.68391990	2.92883507	4.70834343	6.19407533	2.49214265	1.60413718	2.75723905	1.96278913	0.56400224	3.80646042	5.60013103	5.09458453	4.08313148	2.46496077	1.95612538	5.09575038	0.00000000	4.85426872	2.06775529	1.82521889	1.12501458	1.67026158	3.08551132	1.28182217	2.86997908	1.35565220	3.21279380	3.48274453	0.67167248	3.05551864	5.47551815	1.30270571
3.28167035	1.52740593	5.17668974	6.86364283	2.68898364	2.61515922	5.18758642	1.40968637	1.95085741	6.81776006	4.76260634	4.64238938	2.86386023	3.68211113	1.89642788	2.88513833	3.46429255	7.07541053	7.35771582	2.45254771	1.49813253	1.33980183	7.34596663	6.45801071	3.68884474	6.81661987	5.41794148	7.48027474	1.32619801	1.42032133	2.87248228	2.43496326	5.70310203	1.42149214	4.85396582	0.00000000	6.24429489	3.02884599	5.97897289	4.77615762	1.83099354	4.95570957	6.54381510	4.26403615	2.70889987	1.37145086	5.25231333	6.72926988	1.80124176	3.55131210
3.47087549	7.26914617	2.41950267	1.30636984	7.53141568	7.16048511	4.50060835	6.47371563	4.84511144	2.12363590	2.39432671	4.25882003	7.56172713	2.56225893	6.04570227	4.47457543	3.52923201	2.18958470	1.79625224	4.31913192	6.77586376	7.58428013	1.10167982	1.07477794	4.14756461	0.57233017	1.88359396	2.43628670	6.99035042	7.16206788	5.47341335	3.85526673	0.54120276	7.16323659	2.06768480	6.24447627	0.00000000	3.21554352	2.98140401	3.06063148	4.47579230	1.96788819	2.11066915	2.74601808	4.60309009	5.04763825	2.73935170	0.98774140	7.54299392	2.69305735
0.57047441	4.23866865	2.46552201	4.15250193	4.31584805	3.94491913	2.47639887	3.25814677	1.62955463	3.78895903	2.05143488	1.93119892	4.34616031	0.65327744	2.83013849	1.25902588	0.75309780	4.36426319	4.64657496	1.10358083	3.74539398	4.36870398	4.31718556	3.42921628	0.97764623	3.78783698	2.38912934	4.76912891	3.77477824	4.13158805	2.25785818	0.63971812	2.91879271	4.13275752	1.82514652	3.02890087	3.21550872	0.00000000	2.95015561	2.06497991	1.26023688	2.24454405	3.83266343	1.55285656	1.38753884	2.01717735	2.22349141	4.01814106	4.51251203	0.80226553
3.20572369	5.38289408	2.41652515	4.10374956	7.26664427	6.89568941	4.23538492	6.20896234	4.58018076	0.85790679	2.12896584	3.99362141	7.29694390	2.29702784	5.78087420	4.20953809	3.26407004	4.31545220	4.59782296	4.05411724	4.48164202	7.31963435	2.41280212	1.90682107	3.88243484	2.75194513	1.09785393	4.72033173	6.72564620	5.90820368	5.20845870	3.59021556	2.86999944	5.76730272	1.12502754	5.97981949	2.98166940	2.95041747	0.00000000	2.79532397	4.21084123	2.19556733	3.78381291	2.48072671	4.33807766	4.60816856	0.72670652	3.96949881	5.89865952	2.42782302
1.49439598	6.30313734	0.64106312	2.08730113	4.47037065	4.09945881	1.43991201	3.41265662	2.82507925	3.63391699	0.66626360	1.19810455	4.50069121	1.43314506	2.98470095	1.89086089	1.31177974	2.29910100	2.58137392	2.32343822	5.80994286	4.52313821	4.16202377	3.27413462	1.08720867	3.63268612	2.23415399	2.70395763	3.92925358	6.19603269	2.41250966	2.34104406	2.51921598	6.19721020	1.67021418	4.77577603	3.06037756	2.06485227	2.79521112	0.00000000	2.94495509	1.09266305	1.76752726	0.51211200	2.06708474	4.08181833	2.06857478	3.14938627	6.57693532	1.26266291
1.45067222	3.35839095	3.34568610	5.03263398	3.05558604	2.68466052	3.35658665	1.99788223	0.36931490	5.04911770	2.93160343	2.81139018	3.08589995	1.91347513	1.56988441	1.05414281	1.63329418	5.24440293	5.52670696	0.62155272	2.86513222	3.10842440	5.57732039	4.68936706	1.85784711	5.04797399	3.64930128	5.64926684	2.51450683	3.25130557	1.04148866	0.62050476	3.93445800	3.25247664	3.08532702	1.83098678	4.47564964	1.26021239	4.21033369	2.94515593	0.00000000	3.12470550	4.71280834	2.43303483	0.87790493	1.13693391	3.48367504	4.89825868	3.63222531	1.78267603
1.67397430	6.48290768	0.45160627	1.90788079	5.56324894	5.19232894	2.53263831	4.50554101	3.00473193	2.54128703	0.42641648	2.29083919	5.59356553	1.61269671	4.07756019	2.50652440	1.56123521	2.11966220	2.40195369	2.50306265	5.98967486	5.61605874	3.06945107	2.18152361	2.17955381	2.54010820	1.14149214	2.52452317	5.02215446	6.37581452	3.50532634	2.52065622	1.42661068	6.37698819	1.28178276	4.95552080	1.96779021	2.24443925	2.19550949	1.09269803	3.12460091	0.00000000	1.58807601	0.77807759	2.63502822	4.26150632	1.95343994	2.05682853	6.75672735	1.44221348
3.26180944	8.07037875	1.36700380	0.80420073	5.41993318	5.04902866	2.38961071	5.13343967	4.59242609	2.92586515	1.78105899	2.14779578	5.45025731	3.20058239	4.64676455	3.65823986	3.07919625	0.53156260	0.81381888	4.09081037	7.57721861	5.47266289	3.21218751	2.32433268	2.85461549	2.68285455	2.68572151	0.93641533	5.21688447	7.96326380	3.67082252	4.10842720	1.56940890	7.96444475	2.86974675	6.54304036	2.11055441	3.83225797	3.78348449	1.76746035	4.71230807	1.58800070	0.00000000	2.27956749	3.83445621	5.84913353	3.54138969	2.19953662	8.34415728	3.03010123
0.98232647	5.79124170	0.91262505	2.59951366	4.78515481	4.41423558	1.75455855	3.72744630	2.31307707	3.31935767	0.49855060	1.51275865	4.81547178	0.92105141	3.29946786	1.72843873	0.79970714	2.81129682	3.09358655	1.81141046	5.29801251	4.83796062	3.84751628	2.95959245	1.40147107	3.31817391	1.91956580	3.21615738	4.24405820	5.68414746	2.72723804	1.82900519	2.20467898	5.68532149	1.35560737	4.26385723	2.74585681	1.55279061	2.48060957	0.51211692	2.43294670	0.77807377	2.27971181	0.00000000	1.85694175	3.56984812	1.75396117	2.83489232	6.06505933	0.75056828
1.13213402	4.23613608	2.46764043	4.15450359	2.92818628	2.55726975	2.47860362	1.87047576	0.75801032	5.17624410	2.20856192	1.93341633	2.95850456	2.04070474	1.44250562	0.17622867	1.07377163	4.36629285	4.64857644	0.28395686	3.74291955	2.98097814	5.70438377	4.81647262	0.97989875	5.17504312	3.77646278	4.77115198	2.38708220	4.12903804	0.87028987	0.74780096	4.06155726	4.13021334	3.21251115	2.70876006	4.60272915	1.38748089	4.33751144	2.06714177	0.87788221	2.63497115	3.83471196	1.85691074	0.00000000	2.01476970	3.61086744	4.69175486	4.50994654	1.90990444
2.58769496	2.22152376	4.48277445	6.16978466	2.65842497	2.28749283	4.49362890	1.60072609	1.25682686	5.44647991	4.06868311	3.94842568	2.68873565	2.64901216	1.20237174	2.19113439	2.77031970	6.38153866	6.66385773	1.75853812	1.72823397	2.71129754	5.97472897	5.08674461	2.99486386	5.44537833	4.04663767	6.78640609	2.11736405	2.11444769	2.17845771	1.74096277	4.93607037	2.11561565	3.48264675	1.37149297	5.04769040	2.01721714	4.60765814	4.08222108	1.13696807	4.26179898	5.84993400	3.57009559	2.01488971	0.00000000	3.88098869	6.03543743	2.49537569	2.81949701
2.47895305	4.65591981	2.17449068	3.86163347	6.53973800	6.16879180	3.50863983	5.48204960	3.85333128	1.56559448	1.76038093	3.26686747	6.57004184	1.57028548	5.05398813	3.48272664	2.53730304	4.07335567	4.35570674	3.32729771	4.03692183	6.59268329	2.17066512	1.66472471	3.15565635	2.50981367	0.85581146	4.47823059	5.99871597	5.18121722	4.48161777	2.86340904	2.62789700	5.04032034	0.67168128	5.25287235	2.73954793	2.22363766	0.72669239	2.06860887	3.48399902	1.95352613	3.54172958	1.75400585	3.61125733	3.88128163	0.00000000	3.72734595	5.17166224	1.70108182
3.55976255	8.25650900	2.50846944	1.39541236	7.62017685	7.24925432	4.58951912	6.56247080	4.93392531	3.11130623	2.48328296	4.34772259	7.65049221	3.38623029	6.13448219	4.56342461	3.61812243	2.27860905	1.88529487	4.40797361	7.76326432	7.67299973	1.55663751	2.06246692	4.23644438	1.21747381	2.87123292	2.52531533	7.07908936	8.14941940	5.56223517	4.29420855	1.09931122	8.15059188	3.05530353	6.72911420	0.98771227	4.01798378	3.96902845	3.14957007	4.89816367	2.05686120	2.19968126	2.83495132	4.69193102	6.03508214	3.72696304	0.00000000	8.53033539	3.21574672
5.08335265	0.51573372	6.97853897	8.66565070	4.49040230	4.41659471	6.98931836	3.21109248	3.75238645	6.73712223	6.56443354	6.44410414	4.66528708	5.14470502	3.69788582	4.68674130	5.26598189	8.87738036	9.15972392	4.25413498	1.41692972	3.00651623	7.26544680	6.46874945	5.49051178	7.31382506	5.65985671	9.28225352	3.12757011	0.38094148	4.67402794	4.23657582	7.43191943	0.37977858	5.47573482	1.80133922	7.54356312	4.51286340	5.89823895	6.57794784	3.63253671	6.75757187	8.34575928	6.06581518	4.51048557	2.49551300	5.17155193	8.53134919	0.00000000	5.31519131
0.77780402	5.04086683	1.66324017	3.35019652	4.83827915	4.46735273	1.80754913	3.78057600	2.15200214	3.26645185	1.24915632	1.56575657	4.86859262	0.17048409	3.35257543	1.78148437	0.83616227	3.56196343	3.84426951	1.62603699	4.54760391	4.89112213	3.79466085	2.90670330	1.45448937	3.26531387	1.86663193	3.96682782	4.29720241	4.93378271	2.78030816	1.16217804	2.15179487	4.93495336	1.30265541	3.55132015	2.69298849	0.80225437	2.42766272	1.26270684	1.78268649	1.44226027	3.03036748	0.75058515	1.90999477	2.81940077	1.70100260	3.21582503	5.31470356	0.00000000

DEMAND_SECTION
0 0
1 1
2 1
3 1
4 1
5 1
6 1
7 1
8 1
9 1
10 1
11 1
12 1
13 1
14 1
15 1
16 1
17 1
18 1
19 1
20 1
21 1
22 1
23 1
24 1
25 1
26 1
27 1
28 1
29 1
30 1
31 1
32 1
33 1
34 1
35 1
36 1
37 1
38 1
39 1
40 1
41 1
42 1
43 1
44 1
45 1
46 1
47 1
48 1
49 1

LOGISTIC_LOAD_SECTION
0	0
1	0
2	0
3	0
4	0
5	0
6	0
7	0
8	0
9	0
10	0
11	0
12	0
13	0
14	0
15	0
16	0
17	0
18	0
19	0
20	0
21	0
22	0
23	0
24	0
25	0
26	0
27	0
28	0
29	0
30	0
31	0
32	0
33	0
34	0
35	0
36	0
37	0
38	0
39	0
40	0
41	0
42	0
43	0
44	0
45	0
46	0
47	0
48	0
49	0

AVAILABILITY_LANDING_SPOT_SECTION
0	1
1	1
2	1
3	1
4	1
5	1
6	1
7	1
8	1
9	1
10	1
11	1
12	1
13	1
14	1
15	1
16	1
17	1
18	1
19	1
20	1
21	1
22	1
23	1
24	1
25	1
26	1
27	1
28	1
29	1
30	1
31	1
32	1
33	1
34	1
35	1
36	1
37	1
38	1
39	1
40	1
41	1
42	1
43	1
44	1
45	1
46	1
47	1
48	1
49	1

CUSTOMER_DRONE_PREFERENCE_SECTION
0	1
1	1
2	1
3	1
4	1
5	1
6	1
7	1
8	1
9	1
10	1
11	1
12	1
13	1
14	1
15	1
16	1
17	1
18	1
19	1
20	1
21	1
22	1
23	1
24	1
25	1
26	1
27	1
28	1
29	1
30	1
31	1
32	1
33	1
34	1
35	1
36	1
37	1
38	1
39	1
40	1
41	1
42	1
43	1
44	1
45	1
46	1
47	1
48	1
49	1

PRICE_SECTION
0	3
1	3
2	3
3	3
4	3
5	3
6	3
7	3
8	3
9	3
10	3
11	3
12	3
13	3
14	3
15	3
16	3
17	3
18	3
19	3
20	3
21	3
22	3
23	3
24	3
25	3
26	3
27	3
28	3
29	3
30	3
31	3
32	3
33	3
34	3
35	3
36	3
37	3
38	3
39	3
40	3
41	3
42	3
43	3
44	3
45	3
46	3
47	3
48	3
49	3

PRIORITY_DELIVERY_TIME_SECTION
0	0
1	0
2	0
3	0
4	0
5	0
6	0
7	0
8	0
9	0
10	0
11	0
12	0
13	0
14	0
15	0
16	0
17	0
18	0
19	0
20	0
21	0
22	0
23	0
24	0
25	0
26	0
27	0
28	0
29	0
30	0
31	0
32	0
33	0
34	0
35	0
36	0
37	0
38	0
39	0
40	0
41	0
42	0
43	0
44	0
45	0
46	0
47	0
48	0
49	0

EOF
