NAME: multi_modal_data
TYPE: MM

VEHICLES: 2
DIMENSION: 48

NUM_T: 2
NUM_D: 1

MAXIMUM_SYSTEM_DURATION: 300
UNIT: MIN

SERVICETIME: 5
UNIT: MIN

TAKEOFF_LANDING_TIME: 2
UNIT: MIN

MAX_WAITING_TIME: 99999999
UNIT: MIN

INIT_SOC: 100
MAX_SOC: 100
MIN_SOC_T: 3
MIN_SOC_D: 3
UNIT: %

DEMAND_T: 25
DEMAND_D: 0
UNIT: EA

MASS_T: 1940
MASS_D: 15
UNIT: KG

LIFT_TO_DRAG: 3
POWER_MOTOR_PROP: 0.5
UNIT: RATIO

POWER_ELEC: 0.1
UNIT: KW

CARGO_LIMIT_TRUCK: 99999999999999
UNIT: KG

CARGO_LIMIT_DRONE: 6
UNIT: KG

BATTERY_KWH_T: 100
BATTERY_KWH_D: 0.3
UNIT: KWH 

ENERGY_KWH/KM_T: 1.0
ENERGY_KWH/KM_D: 0.1
UNIT: KWH/KM

CHARGING_KW_D: 0.5
CHARGING_KW_T: 80
UNIT: KW 

LOSISTIC_KWH/KG_T: 0.001
LOSISTIC_KWH/KG_D: 0.001
UNIT: KWH/KG

SPEED_T: 0.3
SPEED_D: 1.0
UNIT: KM/MIN

ALTITUDE: 100
UNIT: M

CURVY_AIR: 1.0
UNIT: RATIO

CURVY_ROAD: 1.2
UNIT: RATIO

DEPOT_SECTION
0

EDGE_KM_D_TYPE: EUC_2D(haversine)
EDGE_KM_T_TYPE: MAN_2D(haversine)
EDGE_KM_D_FORMAT : FULL_MATRIX
EDGE_KM_T_FORMAT : FULL_MATRIX

NODE_COORD_SECTION
0	37.54465738	127.08639332
1	37.53679456	127.09151369
2	37.53250830	127.08428998
3	37.56306980	127.07845428
4	37.52849839	127.06368321
5	37.53730180	127.08298157
6	37.54653229	127.10823806
7	37.53538172	127.09977097
8	37.55271613	127.09510373
9	37.52911356	127.08501622
10	37.55535951	127.09343030
11	37.53076531	127.06685164
12	37.56429059	127.09179448
13	37.55256054	127.09067126
14	37.53883063	127.09245664
15	37.54970888	127.10255381
16	37.54563882	127.09933009
17	37.55531915	127.11137014
18	37.53658041	127.06257422
19	37.55127612	127.10758335
20	37.53858132	127.09851139
21	37.55410041	127.08408734
22	37.54867887	127.08932193
23	37.54959905	127.07026059
24	37.53370737	127.09560646
25	37.56852039	127.08098782
26	37.54262454	127.08617552
27	37.53202594	127.09642015
28	37.52903636	127.09074884
29	37.54542731	127.09175330
30	37.53850484	127.09809080
31	37.56432966	127.08093306
32	37.55479614	127.10525240
33	37.54849439	127.08474510
34	37.55979865	127.07534866
35	37.54963209	127.07592669
36	37.52859494	127.09198238
37	37.53899413	127.06759369
38	37.56364397	127.08097983
39	37.53944743	127.06460132
40	37.53262791	127.07911015
41	37.52995872	127.07107621
42	37.55246889	127.10332691
43	37.53294446	127.06029468
44	37.55209687	127.07949715
45	37.53331673	127.08937113
46	37.54071501	127.08570359
47	37.55398378	127.07511111

EDGE_KM_D
0.00000000	0.98398460	1.36358804	2.16368217	2.69039717	0.87146520	1.93715122	1.56685346	1.18011092	1.73265573	1.34201770	2.31409700	2.23443351	0.95630140	0.83998022	1.53145753	1.14576184	2.50077614	2.28408787	2.00786584	1.26412108	1.06951683	0.51635677	1.52473753	1.46369231	2.69589380	0.22685584	1.65963080	1.77892851	0.48024850	1.23761951	2.23979287	2.00877346	0.45072290	1.94489396	1.07585261	1.85280451	1.77310899	2.16447808	2.00677913	1.48377846	2.12021636	1.72716419	2.64415694	1.02661584	1.28806744	0.44256929	1.43692445
0.98398460	0.00000000	0.79553383	3.14032945	2.62170649	0.75441558	1.82940540	0.74483656	1.79847022	1.02845651	2.07123488	2.27562549	3.05752286	1.75467184	0.24118409	1.73480629	1.20087031	2.70324565	2.55180895	2.14482218	0.64820339	2.03265823	1.33553085	2.35336373	0.49807261	3.64774895	0.80110810	0.68434956	0.86530570	0.96015147	0.61030600	3.20069717	2.33962885	1.43130450	2.92813920	1.98146698	0.91269382	2.12321300	3.12661383	2.39118067	1.18778137	1.95587100	2.03038386	2.78585176	2.00440554	0.43039734	0.67266161	2.39677057
1.36358804	0.79553383	0.00000000	3.43701240	1.87103017	0.54535744	2.62491741	1.40195946	2.44091235	0.38287164	2.66566933	1.54987195	3.59542837	2.29959708	1.00635994	2.50023136	1.97237964	3.48337120	1.96762128	2.92794518	1.42424160	2.40100280	1.85201434	2.26750882	1.00673091	4.01493535	1.13709563	1.07096838	0.68805991	1.58007793	1.38759443	3.55073422	3.09154641	1.77802763	3.13526944	2.04187481	0.80589880	1.63934880	3.47441073	1.89978619	0.45694356	1.19918459	2.78269233	2.11642095	2.21876502	0.45697497	0.92101940	2.52136877
2.16368217	3.14032945	3.43701240	0.00000000	4.05875900	2.89293782	3.20543245	3.60700277	1.86530520	3.81982926	1.57406565	3.73490577	1.18363775	1.58912230	2.96450073	2.59233704	2.67270017	3.02672839	3.26125439	2.88321075	3.24671440	1.11412076	1.86504494	1.66292797	3.59812318	0.64590766	2.37312155	3.79795701	3.93652021	2.28536453	3.23385194	0.25953970	2.53501292	1.71295960	0.45523446	1.51072789	4.01468508	2.84315346	0.23158241	2.89670507	3.38548218	3.73880650	2.48927868	3.71269983	1.22359325	3.44554028	2.56657797	1.05242153
2.69039717	2.62170649	1.87103017	4.05875900	0.00000000	1.96316035	4.41071555	3.27294539	3.86345984	1.88245126	3.97489635	0.37630165	4.68849096	3.58062420	2.78516434	4.16035823	3.67581884	5.15476562	0.90398562	4.62568990	3.26931476	3.36760364	3.18523454	2.41689836	2.87397153	4.70447414	2.52994001	2.91331072	2.38747829	3.10954357	3.23156541	4.26463591	4.68865832	2.89696785	3.62921518	2.58605574	2.49553612	1.21694664	4.19499051	1.22016757	1.43576845	0.67185170	4.39566200	0.57766383	2.97147203	2.32767379	2.36968645	3.00764326
0.87146520	0.75441558	0.54535744	2.89293782	1.96316035	0.00000000	2.45195849	1.49570575	2.01989596	0.92800035	2.20915187	1.59723886	3.09995510	1.82712816	0.85255555	2.20929798	1.71378887	3.20589771	1.80117100	2.66816753	1.37666904	1.87046399	1.38307551	1.76851558	1.18277633	3.47579976	0.65544200	1.32222918	1.14620676	1.18931373	1.33891277	3.01078590	2.76392454	1.25423489	2.59046549	1.50555827	1.25189943	1.36976608	2.93443000	1.63808435	0.62179840	1.32993944	2.46206195	2.05826745	1.67357554	0.71678208	0.44904968	1.98048706
1.93715122	1.82940540	2.62491741	3.20543245	4.41071555	2.45195849	0.00000000	1.44728357	1.34667881	2.81848176	1.63325085	4.04841160	2.44955315	1.68750416	1.63382164	0.61309851	0.79160795	1.01532129	4.17539271	0.53063925	1.23169380	2.28934776	1.68465461	3.36542121	1.80943232	3.42751585	1.99307097	1.92031939	2.48249489	1.45852454	1.26378666	3.11607033	0.95585280	2.08261845	3.25303471	2.86935273	2.45612975	3.68019547	3.06498805	3.92711389	2.99768930	3.75932923	0.78943889	4.48907195	2.60821832	2.21960654	2.08941059	3.03565726
1.56685346	0.74483656	1.40195946	3.60700277	3.27294539	1.49570575	1.44728357	0.00000000	1.97093350	1.47598937	2.29068902	2.94779615	3.29053788	2.07183764	0.75033692	1.61189147	1.14120102	2.44143289	3.28251059	1.89685292	0.37271148	2.49885657	1.74210189	3.04446723	0.41171177	4.03979884	1.44414333	0.47596079	1.06336811	1.32191457	0.37755468	3.62202768	2.21221772	1.97003201	3.46514781	2.63256795	1.02038749	2.86546199	3.55251936	3.13378629	1.84736014	2.60112018	1.92570046	3.49141974	2.57866665	0.94533092	1.37483021	3.00088309
1.18011092	1.79847022	2.44091235	1.86530520	3.86345984	2.01989596	1.34667881	1.97093350	0.00000000	2.77109716	0.32887273	3.48744904	1.31966629	0.39112657	1.56153676	0.73699951	0.87070792	1.46285606	3.38293746	1.11173887	1.60017608	0.98326048	0.67921489	2.21734171	2.11414436	2.15324499	1.37067119	2.30357300	2.66092141	0.86262556	1.60201864	1.79664026	0.92405379	1.02678276	1.91122053	1.72501125	2.69623932	2.86539724	1.73969484	3.06732389	2.64156079	3.30020716	0.72543388	3.77520003	1.37752109	2.21553735	1.57085804	1.76805601
1.73265573	1.02845651	0.38287164	3.81982926	1.88245126	0.92800035	2.81848176	1.47598937	2.77109716	0.00000000	3.01123082	1.61227727	3.95689692	2.65443636	1.26407674	2.76325558	2.22921274	3.72691312	2.14601538	3.16735565	1.58881567	2.77962102	2.20844155	2.62324105	1.06442223	4.39621388	1.50582772	1.05646701	0.50559054	1.90879440	1.55551099	3.93236879	3.36730285	2.15518529	3.51687839	2.41822231	0.61699684	1.88869686	3.85606673	2.13559897	0.65110707	1.23284609	3.05790547	2.22118257	2.60154618	0.60490101	1.29144733	2.90006348
1.34201770	2.07123488	2.66566933	1.57406565	3.97489635	2.20915187	1.63325085	2.29068902	0.32887273	3.01123082	0.00000000	3.60140307	1.00350503	0.39499403	1.83993368	1.02061749	1.19951788	1.58143211	3.42938212	1.32770067	1.91867714	0.83541853	0.82644014	2.14060493	2.41524339	1.82877638	1.55380142	2.60793466	2.93653654	1.11426312	1.91866658	1.48605804	1.04402208	1.08117938	1.66856094	1.66929060	2.97882528	2.91544189	1.43283843	3.09681454	2.82541520	3.44410457	0.92974549	3.84015863	1.28071370	2.47703723	1.76513203	1.62210903
2.31409700	2.27562549	1.54987195	3.73490577	0.37630165	1.59723886	4.04841160	2.94779615	3.48744904	1.61227727	3.60140307	0.00000000	4.32808850	3.20686329	2.42934026	3.78760496	3.30695408	4.78123009	0.74857436	4.25425699	2.92378857	3.00698385	2.80942032	2.11567859	2.55658521	4.37924397	2.15454517	2.61111335	2.11604602	2.73473893	2.88585353	3.93324257	4.31310237	2.52495593	3.31414113	2.24530235	2.22917854	0.91734049	3.86229861	0.98558934	1.10061227	0.38317177	4.02075436	0.62691025	2.62093222	2.00591325	1.99678638	2.68251371
2.23443351	3.05752286	3.59542837	1.18363775	4.68849096	3.09995510	2.44955315	3.29053788	1.31966629	3.95689692	1.00350503	4.32808850	0.00000000	1.30807590	2.83162372	1.87843200	2.17776915	1.99313642	4.01617765	2.00779647	2.91942486	1.32115204	1.74957506	2.50437938	3.41726726	1.06227886	2.45955206	3.61077250	3.92117981	2.09750676	2.92047984	0.95734539	1.58802244	1.86314098	1.53323349	2.14784065	3.96921487	3.53039051	0.95592535	3.65756365	3.69405506	4.23200311	1.66172890	4.45653642	1.73592663	3.45076005	2.67591199	1.86443096
0.95630140	1.75467184	2.29959708	1.58912230	3.58062420	1.82712816	1.68750416	2.07183764	0.39112657	2.65443636	0.39499403	3.20686329	1.30807590	0.00000000	1.53479136	1.09446598	1.08401414	1.85027726	3.04855897	1.49772131	1.70117437	0.60512857	0.44771393	1.82922019	2.14105880	1.96925264	1.17377618	2.33892762	2.61578155	0.79889570	1.69429029	1.56507724	1.30919705	0.69091558	1.57230761	1.33999777	2.66736302	2.53281678	1.49955479	2.72189386	2.43956061	3.04976059	1.11570449	3.45404244	0.98640340	2.14288490	1.38806697	1.38078884
0.83998022	0.24118409	1.00635994	2.96450073	2.78516434	0.85255555	1.63382164	0.75033692	1.56153676	1.26407674	1.83993368	2.42934026	2.83162372	1.53479136	0.00000000	1.50187613	0.96971981	2.47827921	2.64665856	1.92189476	0.53457465	1.85131727	1.12941284	2.29417660	0.63377575	3.45269501	0.69617666	0.83345985	1.09943579	0.73613491	0.49809052	3.01186059	2.10338833	1.27158804	2.77683327	1.88850691	1.13892633	2.19226567	2.93877464	2.45698058	1.36404373	2.12776062	1.79394605	2.91041670	1.86586809	0.67076969	0.63120884	2.27543118
1.53145753	1.73480629	2.50023136	2.59233704	4.16035823	2.20929798	0.61309851	1.61189147	0.73699951	2.76325558	1.02061749	3.78760496	1.87843200	1.09446598	1.50187613	0.00000000	0.53440857	0.99660122	3.81517666	0.47640847	1.28763495	1.69958510	1.17211686	2.84694158	1.88177102	2.82650570	1.64484979	2.03927014	2.52335199	1.06457094	1.30649474	2.50507448	0.61366643	1.57579517	2.64765552	2.34741673	2.52602421	3.30450079	2.45308613	3.53525293	2.80710822	3.53916125	0.31437658	4.16621434	2.04987333	2.16176936	1.79083261	2.46548882
1.14576184	1.20087031	1.97237964	2.67270017	3.67581884	1.71378887	0.79160795	1.14120102	0.87070792	2.22921274	1.19951788	3.30695408	2.17776915	1.08401414	0.96971981	0.53440857	0.00000000	1.51170687	3.39363015	0.96038411	0.78807173	1.64042316	0.94487023	2.60034487	1.36673712	3.01459727	1.20723138	1.53527641	1.99514950	0.66840791	0.80075325	2.63618611	1.14429732	1.32445752	2.63597711	2.11049836	2.00287382	2.89400816	2.57391348	3.13836335	2.29597125	3.04073877	0.83722734	3.71998325	1.89017825	1.62737803	1.32026722	2.32802121
2.50077614	2.70324565	3.48337120	3.02672839	5.15476562	3.20589771	1.01532129	2.44143289	1.46285606	3.72691312	1.58143211	4.78123009	1.99313642	1.85027726	2.47827921	0.99660122	1.51170687	0.00000000	4.78002498	0.55995089	2.17923973	2.40885765	2.07919355	3.67940419	2.77606394	3.05393577	2.63172847	2.90617977	3.44189864	2.04952614	2.20596062	2.86389370	0.54241709	2.46677963	3.21408672	3.18786707	3.42817037	4.26497828	2.83423297	4.48501668	3.80207789	4.53574246	0.77664776	5.14465350	2.83246977	3.12209089	2.78517550	3.19976764
2.28408787	2.55180895	1.96762128	3.26125439	0.90398562	1.80117100	4.17539271	3.28251059	3.38293746	2.14601538	3.42938212	0.74857436	4.01617765	3.04855897	2.64665856	3.81517666	3.39363015	4.78002498	0.00000000	4.29151716	3.17647401	2.71893181	2.71498871	1.59837927	2.93010009	3.90494179	2.18676923	3.02707814	2.62218781	2.75433959	3.13889175	3.48428433	4.27318067	2.36135757	2.81669433	1.86871583	2.74097746	0.51760053	3.41890516	0.36548297	1.52287139	1.05079274	4.00380794	0.45150816	2.28099042	2.39054239	2.09052650	2.22857697
2.00786584	2.14482218	2.92794518	2.88321075	4.62568990	2.66816753	0.53063925	1.89685292	1.11173887	3.16735565	1.32770067	4.25425699	2.00779647	1.49772131	1.92189476	0.47640847	0.96038411	0.55995089	4.29151716	0.00000000	1.62244327	2.09495670	1.63558822	3.29555650	2.22068648	3.02860343	2.11838262	2.35596401	2.88419966	1.53967417	1.64836170	2.76143135	0.44206815	2.03699681	2.99539092	2.79674814	2.87276160	3.78090213	2.71857928	4.01121571	3.25605921	3.99742466	0.39797987	4.64092452	2.47764574	2.56248270	2.25832560	2.87837307
1.26412108	0.64820339	1.42424160	3.24671440	3.26931476	1.37666904	1.23169380	0.37271148	1.60017608	1.58881567	1.91867714	2.92378857	2.91942486	1.70117437	0.53457465	1.28763495	0.78807173	2.17923973	3.17647401	1.62244327	0.00000000	2.14358656	1.38458922	2.77572329	0.59943935	3.67002187	1.17689869	0.75188812	1.26292525	0.96670343	0.03804696	3.25555770	1.89842823	1.63955140	3.12023784	2.33981016	1.25080485	2.72643517	3.18671174	2.99143107	1.83432140	2.60221213	1.60152675	3.42754523	2.25139534	0.99610498	1.15391977	2.68129192
1.06951683	2.03265823	2.40100280	1.11412076	3.36760364	1.87046399	2.28934776	2.49885657	0.98326048	2.77962102	0.83541853	3.00698385	1.32115204	0.60512857	1.85131727	1.69958510	1.64042316	2.40885765	2.71893181	2.09495670	2.14358656	0.00000000	0.75919211	1.31767264	2.48464149	1.62654035	1.28927115	2.68462754	2.84821274	1.17762762	2.12872176	1.17093263	1.86735940	0.62605268	0.99742206	0.87430640	2.92025784	2.22170683	1.09597943	2.36769810	2.42762569	2.91927498	1.70572020	3.15186786	0.46191931	2.35752649	1.49519504	0.79138875
0.51635677	1.33553085	1.85201434	1.86504494	3.18523454	1.38307551	1.68465461	1.74210189	0.67921489	2.20844155	0.82644014	2.80942032	1.74957506	0.44771393	1.12941284	1.17211686	0.94487023	2.07919355	2.71498871	1.63558822	1.38458922	0.75919211	0.00000000	1.68353859	1.75454785	2.32537174	0.72812320	1.95462671	2.18777072	0.42032264	1.37023575	1.89088450	1.56042479	0.40401250	1.74531871	1.18565619	2.24552034	2.19761446	1.81928605	2.40911987	1.99902957	2.63078631	1.30458456	3.10017025	0.94584675	1.70819996	0.94124940	1.38470200
1.52473753	2.35336373	2.26750882	1.66292797	2.41689836	1.76851558	3.36542121	3.04446723	2.21734171	2.62324105	2.14060493	2.11567859	2.50437938	1.82922019	2.29417660	2.84694158	2.60034487	3.67940419	1.59837927	3.29555650	2.77572329	1.31767264	1.68353859	0.00000000	2.84892810	2.30667672	1.60316529	3.02291693	2.91397338	1.95077023	2.74630863	1.88891689	3.13837744	1.28283387	1.21961477	0.49952743	3.02041500	1.20242836	1.82532891	1.23416381	2.04205000	2.18509202	2.93243101	2.04978946	0.86033218	2.47325243	1.68213607	0.64850406
1.46369231	0.49807261	1.00673091	3.59812318	2.87397153	1.18277633	1.80943232	0.41171177	2.11414436	1.06442223	2.41524339	2.55658521	3.41726726	2.14105880	0.63377575	1.88177102	1.36673712	2.77606394	2.93010009	2.22068648	0.59943935	2.48464149	1.75454785	2.84892810	0.00000000	4.07991959	1.29407312	0.20026211	0.67323725	1.34675431	0.57667924	3.64249006	2.49441463	1.90278463	3.40686829	2.47915274	0.65214511	2.53899033	3.56982768	2.80735837	1.45955207	2.20285843	2.19442693	3.11486324	2.48968748	0.55152803	1.17029665	2.88938567
2.69589380	3.64774895	4.01493535	0.64590766	4.70447414	3.47579976	3.42751585	4.03979884	2.15324499	4.39621388	1.82877638	4.37924397	1.06227886	1.96925264	3.45269501	2.82650570	3.01459727	3.05393577	3.90494179	3.02860343	3.67002187	1.62654035	2.32537174	2.30667672	4.07991959	0.00000000	2.91557839	4.27998731	4.47396638	2.73757867	3.66231941	0.46601317	2.62740677	2.25128797	1.08976628	2.14714452	4.54409268	3.48903750	0.54223459	3.54082557	3.99449866	4.37599472	2.65762966	4.35623254	1.83093509	3.98362832	3.11964283	1.69737186
0.22685584	0.80110810	1.13709563	2.37312155	2.52994001	0.65544200	1.99307097	1.44414333	1.37067119	1.50582772	1.55380142	2.15454517	2.45955206	1.17377618	0.69617666	1.64484979	1.20723138	2.63172847	2.18676923	2.11838262	1.17689869	1.28927115	0.72812320	1.60316529	1.29407312	2.91557839	0.00000000	1.48487006	1.56382378	0.58220303	1.14608878	2.45735107	2.15875557	0.66477018	2.13491392	1.19314096	1.64189913	1.68733742	2.38171284	1.93469261	1.27424281	1.93805712	1.86671638	2.52309169	1.20666732	1.07265053	0.21636841	1.59589485
1.65963080	0.68434956	1.07096838	3.79795701	2.91331072	1.32222918	1.92031939	0.47596079	2.30357300	1.05646701	2.60793466	2.61111335	3.61077250	2.33892762	0.83345985	2.03927014	1.53527641	2.90617977	3.02707814	2.35596401	0.75188812	2.68462754	1.95462671	3.02291693	0.20026211	4.27998731	1.48487006	0.00000000	0.60050679	1.54593474	0.73532870	3.84275105	2.64897497	2.10070506	3.60389217	2.66410986	0.54652338	2.65724893	3.77008890	2.92446563	1.52784199	2.24662826	2.35330744	3.18713026	2.68460674	0.63792756	1.35143863	3.08076014
1.77892851	0.86530570	0.68805991	3.93652021	2.38747829	1.14620676	2.48249489	1.06336811	2.66092141	0.50559054	2.93653654	2.11604602	3.92117981	2.61578155	1.09943579	2.52335199	1.99514950	3.44189864	2.62218781	2.88419966	1.26292525	2.84821274	2.18777072	2.91397338	0.67323725	4.47396638	1.56382378	0.60050679	0.00000000	1.82474301	1.23596355	4.01872082	3.13683628	2.22745200	3.68022989	2.63679376	0.11933843	2.32265806	3.94339602	2.57991336	1.10126948	1.73780356	2.83177027	2.72039201	2.74943007	0.49121564	1.37269500	3.09777102
0.48024850	0.96015147	1.58007793	2.28536453	3.10954357	1.18931373	1.45852454	1.32191457	0.86262556	1.90879440	1.11426312	2.73473893	2.09750676	0.79889570	0.73613491	1.06457094	0.66840791	2.04952614	2.75433959	1.53967417	0.96670343	1.17762762	0.42032264	1.95077023	1.34675431	2.73757867	0.58220303	1.54593474	1.82474301	0.00000000	0.95116786	2.30814945	1.58161375	0.70572926	2.15523078	1.47153909	1.87178567	2.24698857	2.23718853	2.48453393	1.80783510	2.50646730	1.28612776	3.10164340	1.31052359	1.36291810	0.74769811	1.74864259
1.23761951	0.61030600	1.38759443	3.23385194	3.23156541	1.33891277	1.26378666	0.37755468	1.60201864	1.55551099	1.91866658	2.88585353	2.92047984	1.69429029	0.49809052	1.30649474	0.80075325	2.20596062	3.13889175	1.64836170	0.03804696	2.12872176	1.37023575	2.74630863	0.57667924	3.66231941	1.14608878	0.73532870	1.23596355	0.95116786	0.00000000	3.24559528	1.91838946	1.61812016	3.10258493	2.31287514	1.22652805	2.68951629	3.17637723	2.95465744	1.79667482	2.56460898	1.61990323	3.38953176	2.22967959	0.96121752	1.11949105	2.65836659
2.23979287	3.20069717	3.55073422	0.25953970	4.26463591	3.01078590	3.11607033	3.62202768	1.79664026	3.93236879	1.48605804	3.93324257	0.95734539	1.56507724	3.01186059	2.50507448	2.63618611	2.86389370	3.48428433	2.76143135	3.25555770	1.17093263	1.89088450	1.88891689	3.64249006	0.46601317	2.45735107	3.84275105	4.01872082	2.30814945	3.24559528	0.00000000	2.39145946	1.79258219	0.70436547	1.69283342	4.09119005	3.05276729	0.07635732	3.11896133	3.52874067	3.91942761	2.37401660	3.93569930	1.36610235	3.52780838	2.65929659	1.25968569
2.00877346	2.33962885	3.09154641	2.53501292	4.68865832	2.76392454	0.95585280	2.21221772	0.92405379	3.36730285	1.04402208	4.31310237	1.58802244	1.30919705	2.10338833	0.61366643	1.14429732	0.54241709	4.27318067	0.44206815	1.89842823	1.86735940	1.56042479	3.13837744	2.49441463	2.62740677	2.15875557	2.64897497	3.13683628	1.58161375	1.91838946	2.39145946	0.00000000	1.93889221	2.69404497	2.64821965	3.13959095	3.75634890	2.35491439	3.96948623	3.37468590	4.08741493	0.30947988	4.64917926	2.29017735	2.76856564	2.32847691	2.65857148
0.45072290	1.43130450	1.77802763	1.71295960	2.89696785	1.25423489	2.08261845	1.97003201	1.02678276	2.15518529	1.08117938	2.52495593	1.86314098	0.69091558	1.27158804	1.57579517	1.32445752	2.46677963	2.36135757	2.03699681	1.63955140	0.62605268	0.40401250	1.28283387	1.90278463	2.25128797	0.66477018	2.10070506	2.22745200	0.70572926	1.61812016	1.79258219	1.93889221	0.00000000	1.50536248	0.78764736	2.30289655	1.84460456	1.71694585	2.04109797	1.83289452	2.38757682	1.69669143	2.76351652	0.61196805	1.73626779	0.86914627	1.04589067
1.94489396	2.92813920	3.13526944	0.45523446	3.62921518	2.59046549	3.25303471	3.46514781	1.91122053	3.51687839	1.66856094	3.31414113	1.53323349	1.57230761	2.77683327	2.64765552	2.63597711	3.21408672	2.81669433	2.99539092	3.12023784	0.99742206	1.74531871	1.21961477	3.40686829	1.08976628	2.13491392	3.60389217	3.68022989	2.15523078	3.10258493	0.70436547	2.69404497	1.50536248	0.00000000	1.13161994	3.76688993	2.41226854	0.65512786	2.45329644	3.03939863	3.33936594	2.59748298	3.26771377	0.93121004	3.19363919	2.31002991	0.64692412
1.07585261	1.98146698	2.04187481	1.51072789	2.58605574	1.50555827	2.86935273	2.63256795	1.72501125	2.41822231	1.66929060	2.24530235	2.14784065	1.33999777	1.88850691	2.34741673	2.11049836	3.18786707	1.86871583	2.79674814	2.33981016	0.87430640	1.18565619	0.49952743	2.47915274	2.14714452	1.19314096	2.66410986	2.63679376	1.47153909	2.31287514	1.69283342	2.64821965	0.78764736	1.13161994	0.00000000	2.73423245	1.39247052	1.62047489	1.50980431	1.91150057	2.22899344	2.43602052	2.31143781	0.41736020	2.16711234	1.31382186	0.48919938
1.85280451	0.91269382	0.80589880	4.01468508	2.49553612	1.25189943	2.45612975	1.02038749	2.69623932	0.61699684	2.97882528	2.22917854	3.96921487	2.66736302	1.13892633	2.52602421	2.00287382	3.42817037	2.74097746	2.87276160	1.25080485	2.92025784	2.24552034	3.02041500	0.65214511	4.54409268	1.64189913	0.54652338	0.11933843	1.87178567	1.22652805	4.09119005	3.13959095	2.30289655	3.76688993	2.73423245	0.00000000	2.44169280	4.01618116	2.69915313	1.22045831	1.84978219	2.83685140	2.83578814	2.83568799	0.57331222	1.45697993	3.19102785
1.77310899	2.12321300	1.63934880	2.84315346	1.21694664	1.36976608	3.68019547	2.86546199	2.86539724	1.88869686	2.91544189	0.91734049	3.53039051	2.53281678	2.19226567	3.30450079	2.89400816	4.26497828	0.51760053	3.78090213	2.72643517	2.22170683	2.19761446	1.20242836	2.53899033	3.48903750	1.68733742	2.65724893	2.32265806	2.24698857	2.68951629	3.05276729	3.75634890	1.84460456	2.41226854	1.39247052	2.44169280	0.00000000	2.98418000	0.26861089	1.23784874	1.05057244	3.48850384	0.93097751	1.79557021	2.02132186	1.60817242	1.79370570
2.16447808	3.12661383	3.47441073	0.23158241	4.19499051	2.93443000	3.06498805	3.55251936	1.73969484	3.85606673	1.43283843	3.86229861	0.95592535	1.49955479	2.93877464	2.45308613	2.57391348	2.83423297	3.41890516	2.71857928	3.18671174	1.09597943	1.81928605	1.82532891	3.56982768	0.54223459	2.38171284	3.77008890	3.94339602	2.23718853	3.17637723	0.07635732	2.35491439	1.71694585	0.65512786	1.62047489	4.01618116	2.98418000	0.00000000	3.05347834	3.45276999	3.84605134	2.32904039	3.87019586	1.29061475	3.45242910	2.58337070	1.19224326
2.00677913	2.39118067	1.89978619	2.89670507	1.22016757	1.63808435	3.92711389	3.13378629	3.06732389	2.13559897	3.09681454	0.98558934	3.65756365	2.72189386	2.45698058	3.53525293	3.13836335	4.48501668	0.36548297	4.01121571	2.99143107	2.36769810	2.40911987	1.23416381	2.80735837	3.54082557	1.93469261	2.92446563	2.57991336	2.48453393	2.95465744	3.11896133	3.96948623	2.04109797	2.45329644	1.50980431	2.69915313	0.26861089	3.05347834	0.00000000	1.48715874	1.19966314	3.70849095	0.81674281	1.92433063	2.28796999	1.86590988	1.86310768
1.48377846	1.18778137	0.45694356	3.38548218	1.43576845	0.62179840	2.99768930	1.84736014	2.64156079	0.65110707	2.82541520	1.10061227	3.69405506	2.43956061	1.36404373	2.80710822	2.29597125	3.80207789	1.52287139	3.25605921	1.83432140	2.42762569	1.99902957	2.04205000	1.45955207	3.99449866	1.27424281	1.52784199	1.10126948	1.80783510	1.79667482	3.52874067	3.37468590	1.83289452	3.03939863	1.91150057	1.22045831	1.23784874	3.45276999	1.48715874	0.00000000	0.76809350	3.07019658	1.65948821	2.16512212	0.90802927	1.07080897	2.40069995
2.12021636	1.95587100	1.19918459	3.73880650	0.67185170	1.32993944	3.75932923	2.60112018	3.30020716	1.23284609	3.44410457	0.38317177	4.23200311	3.04976059	2.12776062	3.53916125	3.04073877	4.53574246	1.05079274	3.99742466	2.60221213	2.91927498	2.63078631	2.18509202	2.20285843	4.37599472	1.93805712	2.24662826	1.73780356	2.50646730	2.56460898	3.91942761	4.08741493	2.38757682	3.33936594	2.22899344	1.84978219	1.05057244	3.84605134	1.19966314	0.76809350	0.00000000	3.78821020	1.00701518	2.57118414	1.65588732	1.75898847	2.69505096
1.72716419	2.03038386	2.78269233	2.48927868	4.39566200	2.46206195	0.78943889	1.92570046	0.72543388	3.05790547	0.92974549	4.02075436	1.66172890	1.11570449	1.79394605	0.31437658	0.83722734	0.77664776	4.00380794	0.39797987	1.60152675	1.70572020	1.30458456	2.93243101	2.19442693	2.65762966	1.86671638	2.35330744	2.83177027	1.28612776	1.61990323	2.37401660	0.30947988	1.69669143	2.59748298	2.43602052	2.83685140	3.48850384	2.32904039	3.70849095	3.07019658	3.78821020	0.00000000	4.37124399	2.10112435	2.45952494	2.03031549	2.49303507
2.64415694	2.78585176	2.11642095	3.71269983	0.57766383	2.05826745	4.48907195	3.49141974	3.77520003	2.22118257	3.84015863	0.62691025	4.45653642	3.45404244	2.91041670	4.16621434	3.71998325	5.14465350	0.45150816	4.64092452	3.42754523	3.15186786	3.10017025	2.04978946	3.11486324	4.35623254	2.52309169	3.18713026	2.72039201	3.10164340	3.38953176	3.93569930	4.64917926	2.76351652	3.26771377	2.31143781	2.83578814	0.93097751	3.87019586	0.81674281	1.65948821	1.00701518	4.37124399	0.00000000	2.72061332	2.56423251	2.40123504	2.67946468
1.02661584	2.00440554	2.21876502	1.22359325	2.97147203	1.67357554	2.60821832	2.57866665	1.37752109	2.60154618	1.28071370	2.62093222	1.73592663	0.98640340	1.86586809	2.04987333	1.89017825	2.83246977	2.28099042	2.47764574	2.25139534	0.46191931	0.94584675	0.86033218	2.48968748	1.83093509	1.20666732	2.68460674	2.74943007	1.31052359	2.22967959	1.36610235	2.29017735	0.61196805	0.93121004	0.41736020	2.83568799	1.79557021	1.29061475	1.92433063	2.16512212	2.57118414	2.10112435	2.72061332	0.00000000	2.26245312	1.37882563	0.43990804
1.28806744	0.43039734	0.45697497	3.44554028	2.32767379	0.71678208	2.21960654	0.94533092	2.21553735	0.60490101	2.47703723	2.00591325	3.45076005	2.14288490	0.67076969	2.16176936	1.62737803	3.12209089	2.39054239	2.56248270	0.99610498	2.35752649	1.70819996	2.47325243	0.55152803	3.98362832	1.07265053	0.63792756	0.49121564	1.36291810	0.96121752	3.52780838	2.76856564	1.73626779	3.19363919	2.16711234	0.57331222	2.02132186	3.45242910	2.28796999	0.90802927	1.65588732	2.45952494	2.56423251	2.26245312	0.00000000	0.88392938	2.61950387
0.44256929	0.67266161	0.92101940	2.56657797	2.36968645	0.44904968	2.08941059	1.37483021	1.57085804	1.29144733	1.76513203	1.99678638	2.67591199	1.38806697	0.63120884	1.79083261	1.32026722	2.78517550	2.09052650	2.25832560	1.15391977	1.49519504	0.94124940	1.68213607	1.17029665	3.11964283	0.21636841	1.35143863	1.37269500	0.74769811	1.11949105	2.65929659	2.32847691	0.86914627	2.31002991	1.31382186	1.45697993	1.60817242	2.58337070	1.86590988	1.07080897	1.75898847	2.03031549	2.40123504	1.37882563	0.88392938	0.00000000	1.74611992
1.43692445	2.39677057	2.52136877	1.05242153	3.00764326	1.98048706	3.03565726	3.00088309	1.76805601	2.90006348	1.62210903	2.68251371	1.86443096	1.38078884	2.27543118	2.46548882	2.32802121	3.19976764	2.22857697	2.87837307	2.68129192	0.79138875	1.38470200	0.64850406	2.88938567	1.69737186	1.59589485	3.08076014	3.09777102	1.74864259	2.65836659	1.25968569	2.65857148	1.04589067	0.64692412	0.48919938	3.19102785	1.79370570	1.19224326	1.86310768	2.40069995	2.69505096	2.49303507	2.67946468	0.43990804	2.61950387	1.74611992	0.00000000

EDGE_KM_T
0.00000000	1.32574029	1.53635650	2.74730982	3.79901817	1.11869685	2.13440501	2.21083748	1.66404012	1.84980646	1.81043435	3.26760577	2.65930535	1.25595405	1.18247342	1.98647930	1.24969204	3.38759878	2.99810961	2.60417426	1.74400774	1.25332322	0.70536905	1.97181895	2.02985586	3.13002120	0.24524328	2.28856203	2.12098120	0.55817104	1.71543091	2.66886059	2.79007717	0.57197086	2.65737909	1.47594501	2.27881917	2.28717919	2.58849111	2.50059410	1.97973213	2.98483852	2.36153883	3.60338345	1.43523086	1.52356091	0.49918068	2.03173735
1.32578790	0.00000000	1.11355126	4.07317154	3.37640454	0.80870969	2.55743292	0.88517397	2.08694590	1.42699447	2.23332457	2.84496267	3.08218037	1.82737979	0.30954325	2.40945435	1.67263712	3.81065581	2.57550629	3.02719608	0.81569077	2.57913257	1.51473245	3.29775686	0.70415362	4.45585936	1.11894975	0.96286735	0.93011299	0.98104567	0.77010116	3.99469926	3.21307732	1.89777408	3.98326969	2.80183023	0.95308323	2.35369076	3.91432935	2.66794365	1.55697505	2.56215614	2.78452108	3.18080132	2.76108288	0.57563469	0.94823187	3.35763015
1.53638671	1.11358787	0.00000000	3.91287303	2.26295772	0.64838824	3.67110555	1.68460253	3.20055197	0.44151634	3.34692215	1.73149979	4.19576966	2.79240222	1.42313590	3.52309817	2.78626460	4.92434430	2.36766406	4.14086539	1.92931410	2.41880551	2.24179783	3.13749988	1.13120223	4.29554801	1.29114030	1.12325691	0.95559461	2.09463475	1.88372236	3.83438819	4.32673481	1.81770586	3.82298692	2.64154453	1.11345030	2.19344730	3.75401804	2.50771536	0.47005059	1.44867185	3.89816881	2.16437103	2.60077909	0.53794232	1.03719612	3.19734859
2.74713691	4.07276568	3.91266210	0.00000000	5.14612804	3.26432115	4.46410443	4.95768303	2.61880067	4.35415219	2.17736884	4.61478464	1.31158323	2.24541207	3.92947827	3.60986052	3.77828349	3.76311848	4.34519533	3.87890623	4.49088072	1.49386391	2.55810135	2.22009175	4.77679211	0.82939163	2.95398184	5.03548056	4.86802325	3.13396583	4.46231305	0.35857707	3.28204193	2.17520195	0.63747199	1.71699480	5.02583435	3.63437423	0.28645361	3.84772396	3.44279874	4.33210940	3.37110277	4.95041952	1.31205625	4.27063297	3.12471439	1.30499533
3.79945209	3.37667752	2.26305541	5.14673198	0.00000000	2.68069005	5.93427446	3.94773131	5.46365863	1.94961932	5.61002088	0.53147295	6.45886064	5.05548788	3.68623001	5.78624014	5.04939130	7.18752806	0.99647453	6.40403120	4.19243692	4.64612159	4.50487709	2.92630522	3.39431128	5.97622719	3.55420465	3.27909796	2.44655703	4.35772554	4.14684319	5.50541039	6.58988958	4.08076342	4.50913301	3.42963384	2.50625005	1.51191370	5.43328885	1.29844162	1.81958081	0.81432091	6.16131445	0.79319231	4.01856064	2.80102181	3.30025823	3.84159996
1.11872653	0.80870457	0.64838082	3.26445914	2.68048919	0.00000000	3.25332155	1.69387359	2.78284241	1.08989305	2.92922208	2.14904922	3.77807886	2.37471779	1.00544135	3.10534639	2.36853110	4.50654255	1.87959027	3.72308510	1.51158523	1.96542003	1.82412104	2.48903954	1.51285574	3.64714847	0.87348135	1.77156899	1.60393883	1.67694419	1.46599588	3.18598834	3.90896774	1.40005501	3.17455542	1.99311631	1.76178753	1.54497185	3.10561846	1.85922294	0.86106895	1.86624523	3.48041265	2.48488394	1.95237110	1.00650655	0.61953985	2.54891574
2.13435658	2.55724033	3.67070841	4.46468708	5.93332437	3.25304586	0.00000000	1.98636261	1.84556071	3.98415998	2.28702528	5.40191899	3.42433411	2.21903602	2.24770794	0.85435512	0.88469322	1.25318682	5.13241334	0.58521102	1.74163015	2.97071297	1.90637314	3.68917803	2.53969384	4.84740407	2.37959937	2.65492451	3.48734452	1.57619742	1.78721491	4.38624334	1.18212091	2.28936206	4.37474945	3.19331666	3.42767780	4.42149406	4.30587397	4.63490233	4.11407255	5.11916112	1.09309774	5.73768212	3.15261043	3.13285035	2.63353573	3.74910719
2.21098422	0.88518776	1.68454993	4.95838112	3.94743763	1.69391170	1.98647425	0.00000000	2.33903521	1.99799193	2.78052184	3.41599047	3.91785224	2.71256896	1.02844429	1.83848619	1.17941398	3.23970237	3.41311818	2.45623632	0.46684356	3.46433273	2.39992387	4.18298012	0.55338615	5.34106470	2.00414642	0.66860609	1.50110087	1.82397976	0.49542500	4.87990470	2.64211367	2.78297315	4.86848445	3.68704403	1.44141789	3.23891847	4.79953471	3.55317636	2.12798238	3.13317689	2.21355420	3.75184007	3.64629072	1.14662488	1.83342933	4.24284531
1.66395710	2.08687830	3.20029355	2.61900459	5.46275880	2.78262143	1.84546465	2.33893953	0.00000000	3.51375043	0.44145232	4.93137660	1.57874919	0.40804382	1.77735281	0.99115110	1.15953459	1.72340362	4.66183967	1.26025842	1.87212179	1.12507169	0.95861597	2.53664196	2.15799761	3.00174012	1.90919830	2.41669601	3.01697689	1.10583715	1.84354897	2.54057899	1.12594033	1.38259856	2.52904426	2.03347560	2.95731919	3.95095710	2.46020996	4.16434348	3.64361981	4.64864962	0.75240283	5.26709178	1.44465106	2.66247265	2.16313120	1.90340025
1.84983177	1.42705347	0.44151926	4.35441571	1.94960381	1.08991275	3.98463827	1.99810127	3.51403198	0.00000000	3.66039545	1.78546575	4.50923639	3.10586445	1.73660529	3.83660809	3.09976158	5.23788960	2.80927048	4.45439549	2.24280779	2.86032558	2.55525464	3.57907544	1.44468426	4.73708052	1.60458448	1.32947036	0.51410128	2.40810132	2.19721437	4.27592092	4.64025556	2.17896112	4.26454206	3.08309736	0.67196192	2.63503356	4.19555059	2.94931363	0.91159064	1.32324365	4.21168183	2.60598660	3.04231758	0.85139933	1.35063841	3.63890469
1.81034527	2.23328249	3.34667514	2.17750544	5.60907597	2.92899893	2.28687067	2.78037203	0.44144709	3.66013430	0.00000000	5.07770367	1.13729175	0.55444537	1.92375994	1.43257490	1.60096847	1.58591329	4.80815337	1.70166649	2.31355823	0.96360252	1.10501330	2.68297969	2.59944312	2.56024889	2.05558579	2.85813899	3.16337868	1.25224208	2.28498672	2.09908759	1.10478093	1.52898158	2.08753540	2.17983105	3.10372484	4.09728649	2.01871871	4.31066351	3.78998521	4.79498990	1.19382421	5.41339835	1.59101767	2.80887014	2.30951722	1.76783903
3.26792677	2.84513848	1.73153573	4.61522793	0.53146446	2.14917388	5.40269060	3.41617015	4.93210997	1.78543028	5.07847671	0.00000000	5.92732085	4.52395109	3.15468845	5.25467152	4.51783131	6.65593581	1.02379637	5.87244909	3.66087913	4.11460245	3.97334392	2.39482313	2.86276127	5.44471636	3.02267991	2.74754577	2.29952036	3.82618585	3.61528652	4.97389971	6.05831372	3.54924252	3.97763729	2.89813657	2.45737859	0.98043876	4.90177804	1.16384349	1.28807501	0.46221385	5.62974375	0.82050804	3.48705380	2.26948851	2.76873476	3.31010487
2.65917992	3.08217124	4.19548757	1.31156397	6.45767067	3.77779753	3.42398868	3.91757950	1.57870388	4.50895439	1.13727447	5.92633184	0.00000000	1.40332522	2.88938530	2.56975297	2.73818060	2.72299820	5.65673635	2.83879142	3.45077901	1.81241280	1.95387889	3.53164388	3.73669460	1.42284296	2.90441814	3.99538187	4.01225935	2.10113336	3.42221195	0.96168108	2.24193049	2.37779882	1.94903147	3.02855511	3.98574207	4.94592250	1.02511400	5.15926791	4.63874290	5.64366271	2.33099411	6.26195724	2.43977945	3.65773625	3.15834458	2.61655447
1.25591407	1.82736409	2.79225090	2.24556396	5.05471996	2.37457902	2.21891077	2.71238409	0.40804463	3.10570765	0.55445450	4.52333717	1.40334080	0.00000000	1.68408840	1.36459618	1.53297907	2.13145125	4.25380103	1.63370442	2.24556612	0.75163001	0.55057240	2.12860190	2.53144140	2.62829901	1.50115531	2.79013996	2.62261214	0.88856722	2.21699322	2.16713790	1.53398683	0.97455584	2.15560420	1.62543450	2.78043858	3.54291753	2.08676886	3.75630446	3.23557811	4.24060941	1.12584804	4.85905356	1.03660930	2.25442907	1.75508830	1.52996023
1.18251520	0.30954098	1.42307485	3.92987972	3.68587851	1.00542422	2.24785168	1.02841447	1.77739628	1.73651980	1.92377898	3.15444427	2.88940524	1.68411739	0.00000000	2.09988680	1.36307733	3.50106702	2.88497759	2.71761642	0.56157604	2.43585431	1.37146680	3.15444531	0.84740415	4.31257364	0.97567651	1.10611592	1.23965213	0.79553260	0.53299631	3.85141341	2.90350327	1.75449741	3.83997039	2.65853233	1.17997417	2.21037279	3.77104361	2.52461848	1.86648617	2.87164792	2.47495165	3.49026713	2.61779358	0.88517051	0.80495750	3.21433028
1.98638275	2.40928575	3.52272668	3.61024142	5.78526523	3.10505922	0.85433377	1.83843904	0.99117760	3.83618098	1.43263588	5.25387175	2.56993856	1.36463626	2.09975690	0.00000000	0.73676800	1.40106681	4.98435004	0.61766492	1.59370185	2.11628847	1.28103120	2.85912499	2.39175463	3.99296793	2.23162473	2.50698835	3.33938705	1.42824373	1.63928503	3.53180700	0.80358175	1.70503008	3.52029213	2.35593848	3.27972497	4.27344961	3.45143780	4.48684664	3.96607136	4.97112975	0.37505491	5.58961025	2.29816869	2.98488771	2.48555931	2.89464897
1.24967703	1.67255537	2.78603108	3.77871393	5.04866883	2.36836992	0.88470263	1.17940863	1.15956997	3.09948189	1.60103630	4.51726010	2.73834686	1.53304996	1.36302199	0.73678352	0.00000000	2.13789276	4.24775898	1.35447264	0.85693779	2.28473387	1.22038851	3.00321355	1.65500456	4.16142825	1.49492006	1.77023436	2.60266036	0.69151221	0.90252300	3.70026758	1.54037826	1.60338227	3.68877959	2.50734618	2.54299234	3.53683439	3.61989816	3.75024582	3.22940070	4.23449776	1.11184215	4.85303017	2.46663618	2.24816766	1.74885691	3.06313758
3.38728381	3.81022078	4.92361378	3.76342029	7.18601556	4.50593763	1.25315427	3.23942888	1.72335353	5.23707290	1.58591414	6.65464312	2.72320597	2.13138370	3.50069819	1.40100830	2.13775491	0.00000000	6.38509301	0.78337676	2.99468332	2.54054116	2.68195169	4.25991898	3.79271683	4.14616362	3.63252434	3.90795595	4.74031702	2.82918036	3.04026372	3.68500232	0.59744446	3.10592020	3.67345039	3.75677008	4.68066312	5.67422590	3.60463344	5.88760307	5.36692408	6.37192915	1.02595852	6.99033810	3.16795653	4.38580853	3.88645579	3.34477809
2.99833711	2.57551361	2.36755951	4.34569286	0.99646393	1.87960768	5.13295074	3.41306546	4.66246042	2.80907235	4.80883867	1.02376696	5.65769405	4.25433202	2.88505710	4.98497075	4.24815271	6.38617442	0.00000000	5.60271374	3.39120615	3.84502865	3.70373413	2.12534440	3.23204407	5.17516387	2.75309175	3.49075801	3.32312302	3.55655934	3.34561643	4.70434759	5.78859439	3.27966420	3.70812357	2.62861888	3.48097277	0.71097837	4.63222561	0.49753488	1.89753386	1.48595177	5.36003766	0.60529561	3.21751156	2.72568957	2.49914985	3.04059279
2.60400838	3.02692087	4.14034841	3.87931262	6.40284875	3.72267852	0.58520734	2.45608948	1.26027968	4.45380406	1.70173485	5.87146116	2.83903450	1.63373011	2.71739377	0.61765559	1.35441761	0.78339487	5.60193151	0.00000000	2.21134995	2.38537012	1.89866227	3.47672071	3.00939734	4.26204383	2.84924996	3.12463258	3.95702076	2.04587931	2.25693235	3.80088280	0.59689682	2.32265266	3.78935758	2.97354471	3.89736096	4.89104039	3.72051369	5.10443187	4.58368349	5.58872699	0.50786284	6.20718750	2.56724183	3.60251887	3.10318367	3.16371398
1.74409481	0.81567599	1.92921198	4.49146167	4.19202172	1.51156174	1.74172160	0.46683880	1.87217876	2.24265673	2.31365905	3.66058654	3.45098327	2.24569574	0.56157783	1.59375504	0.85694462	2.99493787	3.39112112	2.21148615	0.00000000	2.99743460	1.93304555	3.71602968	0.79809101	4.87415485	1.53725619	0.91331403	1.74578736	1.35711064	0.04558872	4.41299463	2.39737231	2.31607751	4.40155326	3.22011502	1.68610904	2.77195794	4.33262482	3.08620451	2.37262483	3.37778895	1.96882013	3.99641134	3.17937522	1.39130615	1.36653732	3.77591322
1.25329747	2.57898057	2.41880033	1.49392369	4.64550385	1.96539806	2.97049679	3.46398554	1.12505365	2.86029813	0.96361644	4.11412683	1.81250571	0.75161802	2.43570316	2.11619255	2.28458132	2.54058050	3.84458290	2.38529163	2.99716986	0.00000000	1.06429298	1.71939776	3.28305043	1.87666336	1.46014008	3.54174751	3.37423002	1.64018326	2.96859773	1.41550214	1.94312722	0.68134502	1.40395827	1.21624069	3.53205421	3.13370854	1.33513319	3.34709002	2.82639010	3.83140676	1.87744301	4.44983128	0.62742199	2.77682512	1.63086762	0.80424988
0.70535512	1.51470165	2.24170161	2.55828635	4.50426528	1.82403574	1.90632511	2.39975957	0.95864358	2.55515502	1.10504576	3.97286794	1.95392455	0.55057859	1.37143029	1.28104732	1.22035252	2.68212487	3.70335144	1.89871836	1.93293581	1.06432655	0.00000000	1.78275651	2.21879775	2.94100978	0.95059736	2.47750005	2.30994619	0.57590588	1.90436098	2.47984891	2.08463236	0.42400445	2.46834085	1.28690952	2.46777830	2.99244489	2.39947966	3.20584557	2.68505260	3.69012079	1.65610318	4.30861443	1.24621235	1.71253246	1.20453252	1.84269798
1.97172467	3.29743503	3.13721634	2.22022232	2.92614110	2.48885454	3.68904028	4.18248395	2.53673355	3.57871800	2.68313756	2.39474721	3.53201813	2.12867339	3.15416264	2.85912918	3.00307739	4.26019712	2.12522606	3.47679475	3.71566157	1.71947138	1.78273577	0.00000000	4.00152668	3.04965432	2.17856612	4.26022809	4.09268041	2.35863900	3.68708720	2.57883888	3.66271128	1.39976344	1.58270084	0.50318725	4.25051117	1.41432497	2.50671618	1.62772239	2.66727043	2.25581203	3.23418420	2.73048658	1.09202496	3.49526817	2.34929115	0.91517371
2.02997516	0.70416856	1.13118619	4.77738778	3.39411468	1.51290940	2.53988541	0.55339439	2.15800891	1.44462675	2.59949885	2.86266125	3.73683249	2.53155143	0.84742323	2.39188609	1.65505709	3.79311973	3.23215628	3.00964618	0.79810775	3.28332824	2.21890902	4.00200300	0.00000000	5.16006635	1.82313779	0.25871670	0.94772434	1.64296009	0.75251661	4.69890645	3.19551891	2.60196735	4.68749726	3.50605569	0.88803891	3.05794664	4.61853637	3.37221045	1.57462889	2.57983931	2.76695563	3.19852383	3.46529531	0.59325107	1.65242164	4.06185859
3.12986861	4.45546436	4.29540736	0.82937529	5.97540807	3.64707485	4.84669525	5.34032845	3.00147619	4.73689276	2.56005515	5.44408510	1.42278887	2.62811618	4.31217086	3.99248799	4.16093176	4.14568910	5.17446820	4.26150127	4.87353426	1.87661048	2.94081415	3.04941420	5.15946439	0.00000000	3.33671494	5.41814759	5.25072685	3.51666296	4.84496931	0.47081421	3.66465200	2.55794428	1.46682725	2.54635379	5.40853000	4.46367948	0.54293797	4.67700991	4.15655751	5.16143711	3.75372526	5.77967769	1.95759600	4.65334546	3.50745053	2.13434906
0.24524380	1.11891294	1.29111775	2.95416857	3.55382897	0.87346125	2.37970133	2.00402998	1.90930486	1.60456596	2.05569507	3.02240894	2.90456214	1.50120814	0.97564833	2.23176195	1.49496695	3.63290263	2.75292307	2.84946901	1.53719721	1.46016842	0.95061989	2.17869740	1.82303835	3.33687385	0.00000000	2.08174647	1.91415201	0.80342773	1.50861937	2.87571338	3.03536632	0.77881448	2.86424530	1.68280983	2.07199295	2.04198058	2.79534379	2.25540268	1.73450583	2.73963154	2.60682334	3.35820239	1.64208710	1.31672841	0.25393854	2.23860413
2.28871179	0.96289502	1.12326383	5.03614019	3.27896143	1.77165282	2.65512723	0.66861938	2.41672822	1.32943109	2.85822149	2.74750170	3.99555838	2.79027956	1.10614781	2.50711661	1.77028121	3.90836778	3.49094027	3.12488670	0.91333024	3.54206946	2.47763983	4.26077170	0.25871832	5.41881372	2.08187486	0.00000000	0.83251729	1.90168607	0.86773826	4.95765394	3.31075480	2.86070726	4.94625585	3.76481313	0.77282941	3.31672064	4.87728376	3.63099040	1.59331737	2.46467136	2.88218769	3.28764854	3.72404565	0.76510640	1.91115964	4.32061765
2.12106165	0.93012000	0.95562112	4.86851811	2.44653981	1.60401473	3.48770633	1.50116856	3.01709884	0.51410180	3.16346216	2.29956921	4.01230295	2.62261430	1.23967190	3.33967563	2.60282883	4.74095795	3.32337432	3.95746349	1.74587496	3.37442746	2.30997934	4.09317858	0.94775117	5.25118269	1.91422549	0.83253734	0.00000000	1.91116787	1.70028150	4.79002309	4.14332335	2.69306295	4.77864474	3.59719998	0.15786075	3.14913695	4.70965275	3.46341729	1.42569298	1.83734672	3.71474944	3.12009065	3.55641989	0.59744574	1.74351194	4.15300739
0.55816616	0.98104322	2.09452074	3.13424337	4.35716365	1.67685990	1.57621897	1.82388452	1.10586603	2.40797136	1.25226178	3.82575413	2.10113428	0.88857635	0.79552711	1.42829843	0.69151411	2.82940988	3.55625408	2.04598881	1.35705592	1.64026190	0.57591523	2.35874504	1.64290669	3.51695706	0.80340924	1.90161212	1.91114841	0.00000000	1.32847948	3.05579640	2.23189385	0.95891014	3.04430982	1.86287626	1.89187330	2.84532823	2.97542697	3.05874041	2.53789166	3.54299073	1.80335725	4.16152584	1.82216536	1.55665604	1.05734621	2.41866786
1.71551602	0.77008786	1.88362451	4.46288360	4.14643611	1.46597439	1.78731124	0.49541880	1.84359918	2.19706919	2.28507962	3.61500065	3.42240398	2.21711656	0.53299848	1.63934417	0.90253345	3.04052779	3.34553562	2.25707572	0.04558876	2.96885601	1.90446649	3.68745234	0.75250252	4.84557654	1.50867742	0.86772546	1.70019931	1.32853136	0.00000000	4.38441633	2.44296168	2.28749886	4.37297546	3.19153717	1.64052087	2.74338085	4.30404652	3.05762769	2.32703783	3.33220267	2.01440932	3.95082604	3.15079705	1.34571822	1.33795858	3.74733545
2.66873353	3.99435467	3.83426185	0.35857337	5.50467939	3.18592286	4.38566849	4.87925971	2.54038430	4.27575086	2.09895497	4.97334072	0.96168058	2.16700231	3.85106585	3.53143304	3.69986083	3.68467787	4.70374503	3.80047126	4.41245927	1.41546397	2.47969360	2.57865291	4.69837500	0.47081448	2.87557878	4.95706223	4.78961337	3.05555446	4.38389223	0.00000000	3.20361044	2.09680103	0.99604073	2.07556440	4.94742264	3.99293141	0.08036839	4.20627668	3.68575234	4.69067178	3.29267415	5.30896582	1.48678891	4.19222514	3.04631203	1.66356372
2.78985102	3.21278483	4.32618229	3.28230423	6.58859684	3.90850695	1.18209173	2.64198781	1.12591536	4.63964096	1.10478881	6.05722243	2.24208165	1.53394827	2.90326165	0.80356552	1.54031411	0.59744824	5.78767497	0.59688711	2.39724304	1.94310980	2.08451709	3.66249618	3.19527834	3.66504599	3.03509169	3.31051696	4.14288153	2.23174426	2.44282369	3.20388473	0.00000000	2.50848843	3.19233625	3.15934377	4.08322687	5.07680475	3.12351581	5.29018377	4.76949580	5.77450585	0.42851525	6.39292147	2.57052801	3.78837390	3.28902343	2.74735229
0.57196338	1.89768043	1.81769725	2.17531042	4.08026542	1.40003167	2.28930755	2.78274015	1.38265029	2.17895491	1.52905211	3.54886739	2.37793054	0.97458434	1.75440928	1.70505566	1.60333301	3.10613513	3.27935183	2.32272780	2.31591612	0.68134938	0.42400545	1.39978237	2.60177743	2.55803329	0.77880455	2.86047990	2.69292481	0.95888471	2.28734120	2.09687244	2.50864129	0.00000000	2.08536560	0.90393414	2.85075718	2.56844418	2.01650317	2.78184551	2.26104938	3.26611932	2.08011168	3.88461532	0.86323619	2.09551077	0.94952896	1.45972277
2.65718129	3.98282987	3.82269833	0.63748401	4.50870120	3.17435232	4.37423334	4.86777917	2.52887875	4.26419123	2.08744045	3.97734553	1.94911887	2.15547300	3.83954611	3.51996743	3.68837793	3.67325951	3.70777278	3.78903260	4.40097199	1.40389936	2.46815705	1.58263945	4.68687214	1.46688544	2.86402537	4.94556373	4.77808448	3.04403095	4.37240269	0.99607067	3.19215929	2.08523995	0.00000000	1.18142373	4.93590035	2.99693225	0.92394740	3.21029356	3.35281492	3.69465395	3.28121268	4.31300579	1.22207393	4.18068886	3.03475609	0.66752426
1.47588343	2.80159360	2.64137518	1.71703497	3.42932787	1.99301344	3.19319820	3.68664220	2.03354556	3.08287682	2.17994963	2.89793410	3.02883027	1.62548557	2.65832117	2.35594090	2.50723565	3.75700850	2.62841279	2.97360627	3.21981987	1.21628382	1.28689442	0.50318702	3.50568508	2.54646688	1.68272489	3.76438646	3.59683900	1.86279755	3.19124551	2.07565144	3.15952290	0.90392227	1.18143068	0.00000000	3.75466971	1.91751189	2.00352873	2.13090920	2.17142948	2.61519171	2.73099589	3.23367321	0.58883757	2.99942682	1.85344994	0.55578754
2.27892532	0.95308778	1.11348589	5.02638592	2.50624682	1.76188018	3.42802258	1.44148038	2.95740823	0.67196619	3.10377067	2.45744307	3.98575000	2.78047574	1.17997991	3.27998890	2.54314042	4.68127583	3.48125042	3.89777939	1.68618613	3.53229234	2.46784148	4.25105067	0.88806082	5.40904918	2.07208927	0.77284741	0.15786140	1.89187786	1.64059245	4.94788961	4.08363803	2.85092748	4.93651418	3.75506912	0.00000000	3.30701043	4.86751925	3.62129233	1.58356045	1.99521838	3.65506312	3.27796793	3.71428716	0.75530785	1.90137597	4.31087694
2.28730510	2.35362855	2.19331926	3.63468350	1.51186517	1.54494105	4.42185639	3.23878103	3.95140354	2.63483003	4.09778657	0.98043154	4.94664662	3.54328780	2.21036799	4.27389261	3.53708377	5.67507112	0.71096404	4.89162125	2.77194285	3.13400321	2.99269375	1.41435842	3.05777153	4.46414728	2.04206036	3.31648314	3.14886433	2.84551203	2.74336321	3.99333116	5.07750856	2.56863688	2.99712307	1.91761673	3.30671056	0.00000000	3.92120904	0.31424511	1.72330839	1.31174923	4.64895732	1.31625315	2.50649922	2.55143482	1.78811980	2.32959297
2.58836953	3.91399483	3.75389615	0.28645190	5.43256990	3.10555609	4.30532222	4.79890656	2.46002737	4.19538575	2.01859668	4.90122866	1.02512227	2.08664179	3.77070677	3.45108216	3.61950733	3.60433414	4.63163644	3.72012446	4.33210511	1.33509810	2.39933198	2.50653808	4.61801848	0.54293801	2.79521461	4.87670637	4.70925291	2.97519481	4.30353773	0.08036843	3.12326174	2.01643569	0.92392178	2.00344498	4.86706318	3.92081875	0.00000000	4.13416645	3.61363033	4.61855629	3.21232389	5.23685908	1.41466659	4.11186356	2.96594747	1.59144496
2.50072836	2.66785923	2.50755381	3.84811102	1.29842973	1.85917631	4.63526794	3.55300729	4.16482214	2.94906420	4.31120606	1.16382039	5.16006699	3.75670877	2.52459816	4.48730721	3.75050010	5.88848099	0.49752801	5.10503315	3.08616978	3.34742772	3.20611545	1.62779034	3.37200001	4.67757344	2.25548374	3.63071119	3.46309543	3.05893242	3.05759036	4.20675735	5.29092171	2.78206103	3.21055226	2.13104561	3.62094099	0.31424351	4.13463520	0.00000000	2.03754572	1.62599087	4.86237150	1.10281589	2.71992618	2.86566665	2.00154343	2.54302228
1.97983573	1.55703616	0.47004986	3.44282235	1.81950549	0.86109035	4.11455147	2.12804965	3.64399975	0.91156610	3.79037017	1.28804801	4.63921791	3.23585063	1.86658405	3.96654490	3.22971179	5.36778978	1.89761114	4.58431140	2.37276140	2.82651649	2.68524643	2.66744803	1.57464994	4.15663722	1.73458935	1.59330505	1.42564356	2.53808301	2.32716972	3.68582069	4.77018116	2.26115511	3.35293580	2.17149349	1.58349907	1.72339508	3.61369892	2.03766271	0.00000000	1.00522067	4.34161543	1.69431779	2.19897794	0.98139091	1.48064524	2.72729743
2.98510474	2.56232133	1.44871168	4.33239833	0.81430815	1.86634859	5.11988940	3.13336087	4.64929624	1.32322972	4.79566139	0.46221788	5.64450396	4.24113314	2.87187220	4.97186490	4.23502162	6.37313760	1.48601833	5.58964727	3.37806865	3.83177822	3.69052468	2.25583097	2.57994802	5.16188917	2.73985767	2.46473330	1.83732527	3.54336893	3.33247564	4.69107246	5.77550967	3.26641891	3.69480472	2.61530455	1.99518468	1.31178643	4.61895084	1.62606351	1.00524603	0.00000000	5.34693787	1.28273218	3.20422519	1.98666932	2.48591207	3.02727208
2.36138238	2.78430209	3.89771944	3.37141469	6.16019072	3.48004771	1.09306326	2.21348235	0.75240523	4.21117612	1.19385804	5.62880759	2.33115539	1.12584942	2.47477632	0.37505239	1.11180986	1.02598564	5.35927191	0.50785684	1.96874104	1.87748014	1.65604040	3.23407195	2.76678434	3.75414947	2.60662365	2.88202072	3.71440090	1.80326086	2.01432285	3.29298836	0.42852055	2.08002433	3.28145527	2.73090395	3.65474284	4.64838787	3.21261932	4.86177513	4.34104722	5.34607938	0.00000000	5.96452468	2.14207836	3.35989707	2.86055669	2.65581133
3.60374492	3.18094343	2.16435866	4.95106654	0.79317450	2.48500082	5.73845246	3.75195382	5.26790568	2.60587463	5.41427673	0.82049115	6.26312508	4.85975822	3.49049098	5.59044803	4.85361613	6.99168960	0.60530541	6.20821264	3.99666605	4.45042655	4.30915453	2.73068285	3.19855568	5.78054844	3.35849863	3.28760930	3.11994993	4.16199019	3.95107453	5.30973193	6.39408327	3.88506492	4.31348390	3.23398169	3.27780499	1.31630536	5.23761014	1.10284900	1.69431074	1.28269412	5.96551827	0.00000000	3.82288972	2.60529899	3.10455469	3.64595210
1.43517018	2.76086542	2.60066807	1.31206978	4.01811934	1.95231014	3.15242127	3.64588995	1.44466249	3.04216759	1.59107144	3.48673481	2.43995684	1.03661542	2.61759025	2.29810356	2.46648469	3.16807801	3.21720102	2.56721456	3.17907129	0.62743286	1.24617263	1.09199767	3.46494498	1.95762496	1.64201228	3.72364398	3.55611306	1.82206868	3.15049816	1.48680969	2.57061024	0.86321383	1.22211173	0.58882716	3.71394017	2.50631476	1.41468684	2.71970334	2.19896903	3.20400473	2.14208884	3.82245480	0.00000000	2.95870489	1.81273870	0.59646790
1.52360084	0.57564350	0.53793746	4.27101713	2.80087548	1.00653666	3.13314520	1.14665027	2.66260417	0.85137768	2.80897595	2.26942058	3.65782502	2.25445866	0.88519063	2.98514325	2.24831277	4.38638096	2.72579298	3.60290566	1.39136305	2.77695499	1.71253335	3.49563614	0.59325395	4.65369453	1.31676358	0.76509565	0.59743876	1.55669016	1.34577171	4.19253466	3.78877732	2.09559380	4.18112804	2.99968621	0.75529328	2.55158101	4.11216455	2.86584621	0.98138256	1.98659669	3.36021315	2.60528619	2.95892418	0.00000000	1.14604764	3.55548949
0.49918390	0.94820493	1.03718241	3.12490607	3.29994016	0.61952886	2.63369075	1.83334062	2.16326463	1.35062898	2.30965105	2.76851298	3.15851443	1.75515789	0.80494245	2.48573854	1.74893625	3.88689912	2.49903677	3.10345695	1.36650500	1.63089321	1.20456660	2.34945340	1.65233958	3.50760563	0.25393960	1.91104954	1.74344227	1.05737993	1.33792621	3.04644528	3.28934900	0.94953778	3.03498982	1.85355304	1.90128599	1.78808294	2.96607559	2.00151180	1.48058219	2.48572604	2.86080168	3.10432123	1.81282225	1.14601556	0.00000000	2.40934918
2.03161290	3.35729671	3.19711547	1.30503127	3.84125555	2.54876047	3.74881522	4.24230281	1.90337028	3.63861337	1.76786884	3.30987809	2.61675789	1.52993404	3.21401943	2.89451020	3.06289853	3.34483537	3.04033475	3.16360998	3.77548696	0.80425112	1.84260881	0.91514856	4.06136713	2.13445013	2.23845548	4.32006432	4.15254605	2.41849943	3.74691477	1.66363498	2.74738125	1.45966022	0.66752590	0.55578334	4.31037041	2.32945970	1.59151203	2.54284160	2.72719643	3.02715744	2.65576077	3.64558345	0.59645811	3.55514096	2.40918296	0.00000000

DEMAND_SECTION
0 0
1 1
2 1
3 1
4 1
5 1
6 1
7 1
8 1
9 1
10 1
11 1
12 1
13 1
14 1
15 1
16 1
17 1
18 1
19 1
20 1
21 1
22 1
23 1
24 1
25 1
26 1
27 1
28 1
29 1
30 1
31 1
32 1
33 1
34 1
35 1
36 1
37 1
38 1
39 1
40 1
41 1
42 1
43 1
44 1
45 1
46 1
47 1

LOGISTIC_LOAD_SECTION
0	0
1	0
2	0
3	0
4	0
5	0
6	0
7	0
8	0
9	0
10	0
11	0
12	0
13	0
14	0
15	0
16	0
17	0
18	0
19	0
20	0
21	0
22	0
23	0
24	0
25	0
26	0
27	0
28	0
29	0
30	0
31	0
32	0
33	0
34	0
35	0
36	0
37	0
38	0
39	0
40	0
41	0
42	0
43	0
44	0
45	0
46	0
47	0

AVAILABILITY_LANDING_SPOT_SECTION
0	1
1	1
2	1
3	1
4	1
5	1
6	1
7	1
8	1
9	1
10	1
11	1
12	1
13	1
14	1
15	1
16	1
17	1
18	1
19	1
20	1
21	1
22	1
23	1
24	1
25	1
26	1
27	1
28	1
29	1
30	1
31	1
32	1
33	1
34	1
35	1
36	1
37	1
38	1
39	1
40	1
41	1
42	1
43	1
44	1
45	1
46	1
47	1

CUSTOMER_DRONE_PREFERENCE_SECTION
0	1
1	1
2	1
3	1
4	1
5	1
6	1
7	1
8	1
9	1
10	1
11	1
12	1
13	1
14	1
15	1
16	1
17	1
18	1
19	1
20	1
21	1
22	1
23	1
24	1
25	1
26	1
27	1
28	1
29	1
30	1
31	1
32	1
33	1
34	1
35	1
36	1
37	1
38	1
39	1
40	1
41	1
42	1
43	1
44	1
45	1
46	1
47	1

PRICE_SECTION
0	3
1	3
2	3
3	3
4	3
5	3
6	3
7	3
8	3
9	3
10	3
11	3
12	3
13	3
14	3
15	3
16	3
17	3
18	3
19	3
20	3
21	3
22	3
23	3
24	3
25	3
26	3
27	3
28	3
29	3
30	3
31	3
32	3
33	3
34	3
35	3
36	3
37	3
38	3
39	3
40	3
41	3
42	3
43	3
44	3
45	3
46	3
47	3

PRIORITY_DELIVERY_TIME_SECTION
0	0
1	0
2	0
3	0
4	0
5	0
6	0
7	0
8	0
9	0
10	0
11	0
12	0
13	0
14	0
15	0
16	0
17	0
18	0
19	0
20	0
21	0
22	0
23	0
24	0
25	0
26	0
27	0
28	0
29	0
30	0
31	0
32	0
33	0
34	0
35	0
36	0
37	0
38	0
39	0
40	0
41	0
42	0
43	0
44	0
45	0
46	0
47	0

EOF
