NAME: multi_modal_data
TYPE: MM

VEHICLES: 2
DIMENSION: 53

NUM_T: 2
NUM_D: 1

MAXIMUM_SYSTEM_DURATION: 300
UNIT: MIN

SERVICETIME: 5
UNIT: MIN

TAKEOFF_LANDING_TIME: 2
UNIT: MIN

MAX_WAITING_TIME: 99999999
UNIT: MIN

INIT_SOC: 100
MAX_SOC: 100
MIN_SOC_T: 3
MIN_SOC_D: 3
UNIT: %

DEMAND_T: 27
DEMAND_D: 0
UNIT: EA

MASS_T: 1940
MASS_D: 15
UNIT: KG

LIFT_TO_DRAG: 3
POWER_MOTOR_PROP: 0.5
UNIT: RATIO

POWER_ELEC: 0.1
UNIT: KW

CARGO_LIMIT_TRUCK: 99999999999999
UNIT: KG

CARGO_LIMIT_DRONE: 6
UNIT: KG

BATTERY_KWH_T: 100
BATTERY_KWH_D: 0.3
UNIT: KWH 

ENERGY_KWH/KM_T: 1.0
ENERGY_KWH/KM_D: 0.1
UNIT: KWH/KM

CHARGING_KW_D: 0.5
CHARGING_KW_T: 80
UNIT: KW 

LOSISTIC_KWH/KG_T: 0.001
LOSISTIC_KWH/KG_D: 0.001
UNIT: KWH/KG

SPEED_T: 0.3
SPEED_D: 1.0
UNIT: KM/MIN

ALTITUDE: 100
UNIT: M

CURVY_AIR: 1.0
UNIT: RATIO

CURVY_ROAD: 1.0
UNIT: RATIO

DEPOT_SECTION
0

EDGE_KM_D_TYPE: EUC_2D(haversine)
EDGE_KM_T_TYPE: MAN_2D(haversine)
EDGE_KM_D_FORMAT : FULL_MATRIX
EDGE_KM_T_FORMAT : FULL_MATRIX

NODE_COORD_SECTION
0	37.60415455	127.02437554
1	37.58977642	127.00755439
2	37.61011791	127.00758363
3	37.59974041	127.03791357
4	37.60703495	127.05960286
5	37.60759277	127.06292919
6	37.59486658	126.99710077
7	37.59134386	127.00899770
8	37.60504546	127.04085732
9	37.62474462	127.00059887
10	37.59598298	127.00259497
11	37.61246433	127.06346707
12	37.59790594	127.02540718
13	37.63298509	126.98794356
14	37.58804391	127.00961445
15	37.60195886	126.98845719
16	37.60961342	127.03593186
17	37.58239143	127.01748567
18	37.60147786	127.01707744
19	37.59994286	127.00997746
20	37.58894696	127.03099305
21	37.59748128	127.02144486
22	37.61596562	127.05695221
23	37.60920232	127.02008950
24	37.60667845	127.05651369
25	37.60607224	127.02199768
26	37.60670574	127.04131909
27	37.61329504	127.00819088
28	37.59502976	127.02166931
29	37.60855712	127.04093660
30	37.58126536	127.02726568
31	37.63261719	126.97860274
32	37.60486498	127.03073343
33	37.62680174	126.98045373
34	37.61518732	127.06059332
35	37.60118793	127.04464768
36	37.60543222	126.98860688
37	37.59554149	126.98539243
38	37.61893450	127.04457981
39	37.60997312	126.99193318
40	37.60028336	127.04448904
41	37.59850953	127.04844625
42	37.59763716	127.03387024
43	37.60081284	127.05342778
44	37.61116255	127.05571009
45	37.61108226	127.01385625
46	37.61679993	127.00649044
47	37.59730352	127.03363271
48	37.59899084	127.03651223
49	37.58762959	127.01836839
50	37.58756822	127.03335795
51	37.60784576	127.00387256
52	37.60764081	127.05148344

EDGE_KM_D
0.00000000	2.17999067	1.62103101	1.28970192	3.11973194	3.41770922	2.61543448	1.96587547	1.45530920	3.10288840	2.12310283	3.56534359	0.70073336	4.53582461	2.21370755	3.17363549	1.18523299	2.49492821	0.70848001	1.35211175	1.78869279	0.78566830	3.15583594	0.67645824	2.84499883	0.29891303	1.51931439	1.75088235	1.04226652	1.53882841	2.55787111	5.12541203	0.56563146	4.61606617	3.41806774	1.81609518	3.15417164	3.56540827	2.42244950	2.93018115	1.82345668	2.21151092	1.10673270	2.58621243	2.86813765	1.20501780	2.11166184	1.11599239	1.21362162	1.91219592	2.00693672	1.85219047	2.41924216
2.17999067	0.00000000	2.26187589	2.89517893	4.97087725	5.26543639	1.08105571	0.21575384	3.38988218	3.93627087	0.81683969	5.53421667	1.81418869	5.10569294	0.26468884	2.16007632	3.33400553	1.20005058	1.54819995	1.15043981	2.06726890	1.49391641	5.23620278	2.42599073	4.70502354	2.21417735	3.52029353	2.61575574	1.37399018	3.60698571	1.97797621	5.40335948	2.64294651	4.75909774	5.46041552	3.50576570	2.41187351	2.05516862	4.59899716	2.63390497	3.45748726	3.73137899	2.47787387	4.22384631	4.86345900	2.43328655	3.00634258	2.44536258	2.74938890	0.98229146	2.28682653	2.03523663	4.35017813
1.62103101	2.26187589	0.00000000	2.91038415	4.59510321	4.88337085	1.93101838	2.09129668	2.98484573	1.73888166	1.63202065	4.92942069	2.07588165	3.07530403	2.46103233	1.91361194	2.49774104	3.20410247	1.27375363	1.15090038	3.12971387	1.86157574	4.39689122	1.10630192	4.32712249	1.34705784	2.99583732	0.35730662	2.08676153	2.94310564	3.64690531	3.57407700	2.12126469	3.02512871	4.70319325	3.41269980	1.75096899	2.53946398	3.40295359	1.37869248	3.43008095	3.82416587	2.69970890	4.16895089	4.24086351	0.56283977	0.74922025	2.70117148	2.83289155	2.67501756	3.38279434	0.41315604	3.87685201
1.28970192	2.89517893	2.91038415	0.00000000	2.07574760	2.37040747	3.63629683	2.71329925	0.64438357	4.30506737	3.13953748	2.65875387	1.12053744	5.74776824	2.81215027	4.36397045	1.11162325	2.63839009	1.84575943	2.46124334	1.34618140	1.47248448	2.46326634	1.89008627	1.81110625	1.56896007	0.83058568	3.02112148	1.52399261	1.01590182	2.25842423	6.37615249	0.85135790	5.88818250	2.63470158	0.61470983	4.38957119	4.65068727	2.21359541	4.20732569	0.58242818	0.93796642	0.42613050	1.37196943	2.01765034	2.46613037	3.35564351	0.46439557	0.14895871	2.18608446	1.41174840	3.13132457	1.48350524
3.11973194	4.97087725	4.59510321	2.07574760	0.00000000	0.29951040	5.67009035	4.78755080	1.66607550	5.55763794	5.17039106	0.69306750	3.17892383	6.93973700	4.88416420	6.29282673	2.10477029	4.61285623	3.79683923	4.44228629	3.22467132	3.52543103	1.02012598	3.48902941	0.27499878	3.31440438	1.61104338	4.58189427	3.59860635	1.65298957	4.04080537	7.68031841	2.55457634	7.30963650	0.91069277	1.46915127	6.25666862	6.66147355	1.87132374	5.96987589	1.52851350	1.36552537	2.49619973	0.88011577	0.57291913	4.05477841	4.80273769	2.53086112	2.22214419	4.22534015	3.16731776	4.91010394	0.71840501
3.41770922	5.26543639	4.88337085	2.37040747	0.29951040	0.00000000	5.96945509	5.08327121	1.96486161	5.81186864	5.46976494	0.54376195	3.47658756	7.18257613	5.17569900	6.59030858	2.38874560	4.88702178	4.09606388	4.74166689	3.49499654	3.82363649	1.06957055	3.77793765	0.57421573	3.60964386	1.90619284	4.86320945	3.89407198	1.94027459	4.29455482	7.93119126	2.85234059	7.57181156	0.86918158	1.76092718	6.55153319	6.96094741	2.05007564	6.25951700	1.81645009	1.62726225	2.78906986	1.12647765	0.74963211	4.34009953	5.07568963	2.82312363	2.51609357	4.50999410	3.42714683	5.20234944	1.00826680
2.61543448	1.08105571	1.93101838	3.63629683	5.67009035	5.96945509	0.00000000	1.11900049	4.01762389	3.33654994	0.49972552	6.16526768	2.51667435	4.31465424	1.33835509	1.09627612	3.79357182	2.26945751	1.90732801	1.26712654	3.05787542	2.16440952	5.77087207	2.57731657	5.39642180	2.52258454	4.11196492	2.27013295	2.16467934	4.15101053	3.05807653	4.50281291	3.16471231	3.84188431	6.03240455	4.24749647	1.39291774	1.03428275	4.96539498	1.74036886	4.21820545	4.54177223	3.25412139	5.00633537	5.47193311	2.33023322	2.57532912	3.22997270	3.50239532	2.03935235	3.29605664	1.56166217	4.99709367
1.96587547	0.21575384	2.09129668	2.71329925	4.78755080	5.08327121	1.11900049	0.00000000	3.19369168	3.78697364	0.76441570	5.34243157	1.61945540	4.98788527	0.37093942	2.16058152	3.12367491	1.24511980	1.33286255	0.96005550	1.95625873	1.29166770	5.03410807	2.21317705	4.52010446	1.99846303	3.32056374	2.44189785	1.18930686	3.40306541	1.96137575	5.31324638	2.43463506	4.67625114	5.26204221	3.32614933	2.38355053	2.13151022	4.38605713	2.55951098	3.28111301	3.56576620	2.30042033	4.05357100	4.66814798	2.23615947	2.83919411	2.26938907	2.56895539	0.92319733	2.18708414	1.88966677	4.15856179
1.45530920	3.38988218	2.98484573	0.64438357	1.66607550	1.96486161	4.01762389	3.19369168	0.00000000	4.16800143	3.51824285	2.15574095	1.57571181	5.60103656	3.33926168	4.62890777	0.66802114	3.25356598	2.13211467	2.77892397	1.98988375	1.90582683	1.86666291	1.88693184	1.39109875	1.66530392	0.18904366	3.02019255	2.02432748	0.39054201	2.90275669	6.28207110	0.89206775	5.84452670	2.07221527	0.54358585	4.60307344	4.99933872	1.57881659	4.34441034	0.61867129	0.98749969	1.02834005	1.20326156	1.47461298	2.47140885	3.29734587	1.07059874	0.77445688	2.77055704	2.05262919	3.27287338	0.97954431
3.10288840	3.93627087	1.73888166	4.30506737	5.55763794	5.81186864	3.33654994	3.78697364	4.16800143	0.00000000	3.20298200	5.70310739	3.69885454	1.44280269	4.15749829	2.75013236	3.53777467	4.93883839	2.96650437	2.87890460	4.79721309	3.54429527	5.05838457	2.43595031	5.31892942	2.80418623	4.10942322	1.43805574	3.78975378	3.98284227	5.37521518	2.12570039	3.45421980	1.78883071	5.38982366	4.68138192	2.39315848	3.51266443	3.92703388	1.81119503	4.72697893	5.12574519	4.20412134	5.36052106	5.08357560	1.91608961	1.02453216	4.21633724	4.26707602	4.41389789	5.04146574	1.90106440	4.86871654
2.12310283	0.81683969	1.63202065	3.13953748	5.17039106	5.46976494	0.49972552	0.76441570	3.51824285	3.20298200	0.00000000	5.66696094	2.02115117	4.31209457	1.07787716	1.41170337	3.30486132	2.00138075	1.41466229	0.78543533	2.62155411	1.66906029	5.27883569	2.12977729	4.89670290	2.04460689	3.61384055	1.98713251	1.68386573	3.65569089	2.72095263	4.58908500	2.66844655	3.94301101	5.53750340	3.74979439	1.61944574	1.51640249	4.49351147	1.81719349	3.72175324	4.04934600	2.76156150	4.51048906	4.97427582	1.95015441	2.34003982	2.73844820	3.00682713	1.67159729	2.86743657	1.32387552	4.49775733
3.56534359	5.53421667	4.92942069	2.65875387	0.69306750	0.54376195	6.16526768	5.34243157	2.15574095	5.70310739	5.66696094	0.00000000	3.72314492	7.03199579	5.46646401	6.71009646	2.44608492	5.25290358	4.26517905	4.91337525	3.87595279	4.05948528	0.69344674	3.83812919	0.88829997	3.72145024	2.05335110	4.86979363	4.16130954	2.03162346	4.71249570	7.80287570	3.00472226	7.48323072	0.39465219	2.07859468	6.64049098	7.13067334	1.81249745	6.30717849	2.15162176	2.03928690	3.08481332	1.56864904	0.69843564	4.37265839	5.04168209	3.12239635	2.80763781	4.83856153	3.83402819	5.27454383	1.18404526
0.70073336	1.81418869	2.07588165	1.12053744	3.17892383	3.47658756	2.51667435	1.61945540	1.57571181	3.69885454	2.02115117	3.72314492	0.00000000	5.10917413	1.77163332	3.28629637	1.59823436	1.86098217	0.83443162	1.37809822	1.11113226	0.35226483	3.42848156	1.34061354	2.90879519	0.95644037	1.70951086	2.28655043	0.45905606	1.80950321	1.85758181	5.64738695	0.90496292	5.09930520	3.64691231	1.73391392	3.34826118	3.53519300	2.88441954	3.23978858	1.70176643	2.03087100	0.74620567	2.48967205	3.04943131	1.78383556	2.68154154	0.72777152	0.98577030	1.30012551	1.34613822	2.19558231	2.53946200
4.53582461	5.10569294	3.07530403	5.74776824	6.93973700	7.18257613	4.31465424	4.98788527	5.60103656	1.44280269	4.31209457	7.03199579	5.10917413	0.00000000	5.34942175	3.45026130	4.96156354	6.19850682	4.34267587	4.15519945	6.19342230	4.92877568	6.36540360	3.87418236	6.71044740	4.23692510	5.53523578	2.82373246	5.16108899	5.40017971	6.71359339	0.82356855	4.89700365	0.95277572	6.69734932	6.11925166	3.06430081	4.16960372	5.22680504	2.58283167	6.16664780	6.56467153	5.64030005	6.78711048	6.44279859	3.33766809	2.43042902	5.65130447	5.70867090	5.71116927	6.44259340	3.12767203	6.26578522
2.21370755	0.26468884	2.46103233	2.81215027	4.88416420	5.17569900	1.33835509	0.37093942	3.33926168	4.15749829	1.07787716	5.46646401	1.77163332	5.34942175	0.00000000	2.42254915	3.33589291	0.93600477	1.63209851	1.32349090	1.88639279	1.47908815	5.19911303	2.52723303	4.62235221	2.28230721	3.47968762	2.81059999	1.31588132	3.58017825	1.72838264	5.65927955	2.63826936	5.01715971	5.41104163	3.41515212	2.67655342	2.29122252	4.61371849	2.89350531	3.36056434	3.61383884	2.38854180	4.11302744	4.80624725	2.58886387	3.20934891	2.35337384	2.66419761	0.77271143	2.09278340	2.25923051	4.28427050
3.17363549	2.16007632	1.91361194	4.36397045	6.29282673	6.59030858	1.09627612	2.16058152	4.62890777	2.75013236	1.41170337	6.71009646	3.28629637	3.45026130	2.42254915	0.00000000	4.26786590	3.35792177	2.52191593	1.90909012	4.01718516	2.94852202	6.23137438	2.90062454	6.01826594	2.98990653	4.68661190	2.14726198	3.02574617	4.68089882	4.12149383	3.51781448	3.73830424	2.85093928	6.52239598	4.95094686	0.38644589	0.76295429	5.29174760	0.94228617	4.93977352	5.29884139	4.02959811	5.72513660	6.01211514	2.45667423	2.29056485	4.01344749	4.24640365	3.07955647	4.26735205	1.50751950	5.58800510
1.18523299	3.33400553	2.49774104	1.11162325	2.10477029	2.38874560	3.79357182	3.12367491	0.66802114	3.53777467	3.30486132	2.44608492	1.59823436	4.96156354	3.33589291	4.26786590	0.00000000	3.43563930	1.89130590	2.52664709	2.33883683	1.85705185	1.98170000	1.39626384	1.84217221	1.28906563	0.57422841	2.47762318	2.05144127	0.45623492	3.24331764	5.66013980	0.69891863	5.24684382	2.25896987	1.21129787	4.19469373	4.71925735	1.28626336	3.87592292	1.28240762	1.65525044	1.34402804	1.82567886	1.75068836	1.95140917	2.71361815	1.38370351	1.18228421	2.89306690	2.46178354	2.83088357	1.38736443
2.49492821	1.20005058	3.20410247	2.63839009	4.61285623	4.88702178	2.26945751	1.24511980	3.25356598	4.93883839	2.00138075	5.25290358	1.86098217	6.19850682	0.93600477	3.35792177	3.43563930	0.00000000	2.12262182	2.06070605	1.39569382	1.71379722	5.10165375	2.99005190	4.37229781	2.66302833	3.42330013	3.53255238	1.45286328	3.56847693	0.87086484	6.55153117	2.75810089	5.91846842	5.26516234	3.17739534	3.61080260	3.18347372	4.71261726	3.80451412	3.10142966	3.26401812	2.22665808	3.77153925	4.64500894	3.20626353	3.94677381	2.18486132	2.49344652	0.58762762	1.51243581	3.07402767	4.10546436
0.70848001	1.54819995	1.27375363	1.84575943	3.79683923	4.09606388	1.90732801	1.33286255	2.13211467	2.96650437	1.41466229	4.26517905	0.83443162	4.34267587	1.63209851	2.52191593	1.89130590	2.12262182	0.00000000	0.64836348	1.85597141	0.58782347	3.86431102	0.89897214	3.52189179	0.66997410	2.21324647	1.52951943	0.82325148	2.24439165	2.42016757	4.84490606	1.26060200	4.28200852	4.12526122	2.42907290	2.54635520	2.86844906	3.10431685	2.40802426	2.41854776	2.78319257	1.53983961	3.20322232	3.56951592	1.10501637	1.94227750	1.53058828	1.73436352	1.54405479	2.10943736	1.36181879	3.10744428
1.35211175	1.15043981	1.15090038	2.46124334	4.44228629	4.74166689	1.26712654	0.96005550	2.77892397	2.87890460	0.78543533	4.91337525	1.37809822	4.15519945	1.32349090	1.90909012	2.52664709	2.06070605	0.64836348	0.00000000	2.21885901	1.04670328	4.50523034	1.36147622	4.16745265	1.25930094	2.86160989	1.49301423	1.16597838	2.89062124	2.57558084	4.56476404	1.90867049	3.96010244	4.77008878	3.05751473	1.97913029	2.22057886	3.70811540	1.94182009	3.04065697	3.39283186	2.12051335	3.82912011	4.21743353	1.28491118	1.89942403	2.10459895	2.34009131	1.55601874	2.47726189	1.03027166	3.75529293
1.78869279	2.06726890	3.12971387	1.34618140	3.22467132	3.49499654	3.05787542	1.95625873	1.98988375	4.79721309	2.62155411	3.87595279	1.11113226	6.19342230	1.88639279	4.01718516	2.33883683	1.39569382	1.85597141	2.21885901	0.00000000	1.26817578	3.77570533	2.44858898	2.99043943	2.06257623	2.17417082	3.37124019	1.06411665	2.34994429	0.91512674	6.69901002	1.77015241	6.12682702	3.91324811	1.81658532	4.15995630	4.08414110	3.54277620	4.16026084	1.73287831	1.86956057	0.99900522	2.37652315	3.29300367	2.88746516	3.77511652	0.95787157	1.21810036	1.12199509	0.25869903	3.18198200	2.75311765
0.78566830	1.49391641	1.86157574	1.47248448	3.52543103	3.82363649	2.16440952	1.29166770	1.90582683	3.54429527	1.66906029	4.05948528	0.35226483	4.92877568	1.47908815	2.94852202	1.85705185	1.71379722	0.58782347	1.04670328	1.26817578	0.00000000	3.74273950	1.30877892	3.25429912	0.95651277	2.02917401	2.11074404	0.27331368	2.11312837	1.87465332	5.43176068	1.15918203	4.86482031	3.97106465	2.08529447	3.02500768	3.18363689	3.13747438	2.94761277	2.05396288	2.38159786	1.09483261	2.84193431	3.38022893	1.65352348	2.51989635	1.07395334	1.33801741	1.12849781	1.52209063	1.92993274	2.87731436
3.15583594	5.23620278	4.39689122	2.46326634	1.02012598	1.06957055	5.77087207	5.03410807	1.86666291	5.05838457	5.27883569	0.69344674	3.42848156	6.36540360	5.19911303	6.23137438	1.98170000	5.10165375	3.86431102	4.50523034	3.77570533	3.74273950	0.00000000	3.33296189	1.03341042	3.26961833	1.71943188	4.30521883	3.88329840	1.63363560	4.66136153	7.14433555	2.61867460	6.84437487	0.33218196	1.96848747	6.13314768	6.70045375	1.13864317	5.76572686	2.06061200	2.08063440	2.87887471	1.71327956	0.54517004	3.83464883	4.44560536	2.91994161	2.60858236	4.63482657	3.78037502	4.76188099	1.04351799
0.67645824	2.42599073	1.10630192	1.89008627	3.48902941	3.77793765	2.57731657	2.21317705	1.88693184	2.43595031	2.12977729	3.83812919	1.34061354	3.87418236	2.52723303	2.90062454	1.39626384	2.99005190	0.89897214	1.36147622	2.44858898	1.30877892	3.33296189	0.00000000	3.22083159	0.38651373	1.89059210	1.14263246	1.58205207	1.83778416	3.17013955	4.48662820	1.05439628	4.00211351	3.62928833	2.33975157	2.80481101	3.41330311	2.41338321	2.48169580	2.36719464	2.76658791	1.76849797	3.08146124	3.14526072	0.58751271	1.46579655	1.78157720	1.83911507	2.40356906	2.67458426	1.43646945	2.77089850
2.84499883	4.70502354	4.32712249	1.81110625	0.27499878	0.57421573	5.39642180	4.52010446	1.39109875	5.31892942	4.89670290	0.88829997	2.90879519	6.71044740	4.62235221	6.01826594	1.84217221	4.37229781	3.52189179	4.16745265	2.99043943	3.25429912	1.03341042	3.22083159	0.00000000	3.04130183	1.33850749	4.31972123	3.33179508	1.38799139	3.82435889	7.44355828	2.27996569	7.06308700	1.01209105	1.21055226	5.98362020	6.38680537	1.72111394	5.70060636	1.27585119	1.15333863	2.23382019	0.70661378	0.50360927	3.78938898	4.54774987	2.26933078	1.95844186	3.97249152	2.94573467	4.63897898	0.45585344
0.29891303	2.21417735	1.34705784	1.56896007	3.31440438	3.60964386	2.52258454	1.99846303	1.66530392	2.80418623	2.04460689	3.72145024	0.95644037	4.23692510	2.28230721	2.98990653	1.28906563	2.66302833	0.66997410	1.25930094	2.06257623	0.95651277	3.26961833	0.38651373	3.04130183	0.00000000	1.70350176	1.45745787	1.22821024	1.69105562	2.79717956	4.82911640	0.78117261	4.32464570	3.54760777	2.06793237	2.94232044	3.43085445	2.44992499	2.68364448	2.08331204	2.47712195	1.40488456	2.82991062	3.02313552	0.90811717	1.81349665	1.41468721	1.50167230	2.07551049	2.28807191	1.60878345	2.60326732
1.51931439	3.52029353	2.99583732	0.83058568	1.61104338	1.90619284	4.11196492	3.32056374	0.18904366	4.10942322	3.61384055	2.05335110	1.70951086	5.53523578	3.47968762	4.68661190	0.57422841	3.42330013	2.21324647	2.86160989	2.17417082	2.02917401	1.71943188	1.89059210	1.33850749	1.70350176	0.00000000	3.00873786	2.16386729	0.20860339	3.08795605	6.23004666	0.95470975	5.80802303	1.94214592	0.68002341	4.64565786	5.08097919	1.38977927	4.36549163	0.76679579	1.10672189	1.20310109	1.25189091	1.36110167	2.46761378	3.26675455	1.24561262	0.95668339	2.93050934	2.24060938	3.30110317	0.90139678
1.75088235	2.61575574	0.35730662	3.02112148	4.58189427	4.86320945	2.27013295	2.44189785	3.02019255	1.43805574	1.98713251	4.86979363	2.28655043	2.82373246	2.81059999	2.14726198	2.47762318	3.53255238	1.52951943	1.49301423	3.37124019	2.11074404	4.30521883	1.14263246	4.31972123	1.45745787	3.00873786	0.00000000	2.35262294	2.93214908	3.93811514	3.37738736	2.19585911	2.86768845	4.62049724	3.48224412	1.93401399	2.81615821	3.26589090	1.47892972	3.50963281	3.90874261	2.85459042	4.21973167	4.19240429	0.55639185	0.41751595	2.86095088	2.95875585	2.99140624	3.61931450	0.71543481	3.86496290
1.04226652	1.37399018	2.08676153	1.52399261	3.59860635	3.89407198	2.16467934	1.18930686	2.02432748	3.78975378	1.68386573	4.16130954	0.45905606	5.16108899	1.31588132	3.02574617	2.05144127	1.45286328	0.82325148	1.16597838	1.06411665	0.27331368	3.88329840	1.58205207	3.33179508	1.22821024	2.16386729	2.35262294	0.00000000	2.26796220	1.60800823	5.64432858	1.35413624	5.06575492	4.09651841	2.13709033	3.13401745	3.19665527	3.33744695	3.10216848	2.09360406	2.39063769	1.11335225	2.87090318	3.49442059	1.91306646	2.76548047	1.08391439	1.37987795	0.87274966	1.32250584	2.11871784	2.97743474
1.53882841	3.60698571	2.94310564	1.01590182	1.65298957	1.94027459	4.15101053	3.40306541	0.39054201	3.98284227	3.65569089	2.03162346	1.80950321	5.40017971	3.58017825	4.68089882	0.45623492	3.56847693	2.24439165	2.89062124	2.34994429	2.11312837	1.63363560	1.83778416	1.38799139	1.69105562	0.20860339	2.93214908	2.26796220	0.00000000	3.26499846	6.10719171	0.98812920	5.70041091	1.88187953	0.88222636	4.62282464	5.10277830	1.19770339	4.31947045	0.97177105	1.29841904	1.36451962	1.39728051	1.33321149	2.40189661	3.16956033	1.40708064	1.13288225	3.06077991	2.42749274	3.26589187	0.93463284
2.55787111	1.97797621	3.64690531	2.25842423	4.04080537	4.29455482	3.05807653	1.96137575	2.90275669	5.37521518	2.72095263	4.71249570	1.85758181	6.71359339	1.72838264	4.12149383	3.24331764	0.87086484	2.42016757	2.57558084	0.91512674	1.87465332	4.66136153	3.17013955	3.82435889	2.79717956	3.08795605	3.93811514	1.60800823	3.26499846	0.00000000	7.14010208	2.64188767	6.53026470	4.78004903	2.69314777	4.33851573	4.01656075	4.45771791	4.45872496	2.60286929	2.67572628	1.91121309	3.16829028	4.16317416	3.51969095	4.35459561	1.86952368	2.13273254	1.05615298	0.88282283	3.60327222	3.62686659
5.12541203	5.40335948	3.57407700	6.37615249	7.68031841	7.93119126	4.50281291	5.31324638	6.28207110	2.12570039	4.58908500	7.80287570	5.64738695	0.82356855	5.65927955	3.51781448	5.66013980	6.55153117	4.84490606	4.56476404	6.69901002	5.43176068	7.14433555	4.48662820	7.44355828	4.82911640	6.23004666	3.37738736	5.64432858	6.10719171	7.14010208	0.00000000	5.53214378	0.66687761	7.47651735	6.78621665	3.14863657	4.16578722	6.00637030	2.77817943	6.82670686	7.22695806	6.23109249	7.47940773	7.19790327	3.92100312	3.02085880	6.23805591	6.32436224	6.10686428	6.95382377	3.54125662	6.99400778
0.56563146	2.64294651	2.12126469	0.85135790	2.55457634	2.85234059	3.16471231	2.43463506	0.89206775	3.45421980	2.66844655	3.00472226	0.90496292	4.89700365	2.63826936	3.73830424	0.69891863	2.75810089	1.26060200	1.90867049	1.77015241	1.15918203	2.61867460	1.05439628	2.27996569	0.78117261	0.95470975	2.19585911	1.35413624	0.98812920	2.64188767	5.53214378	0.00000000	5.05596565	2.86979363	1.29217050	3.71157449	4.12681654	1.98370652	3.46478589	1.31454328	1.71300688	0.84987970	2.04941133	2.30892387	1.63957648	2.51424469	0.87873621	0.82813735	2.20447918	1.93716406	2.38930744	1.85377229
4.61606617	4.75909774	3.02512871	5.88818250	7.30963650	7.57181156	3.84188431	4.67625114	5.84452670	1.78883071	3.94301101	7.48323072	5.09930520	0.95277572	5.01715971	2.85093928	5.24684382	5.91846842	4.28200852	3.96010244	6.12682702	4.86482031	6.84437487	4.00211351	7.06308700	4.32464570	5.80802303	2.86768845	5.06575492	5.70041091	6.53026470	0.66687761	5.05596565	0.00000000	7.17538110	6.33114554	2.48232994	3.50310246	5.71503691	2.12694303	6.36467051	6.76502440	5.71447545	7.04746951	6.85262253	3.42205225	2.54859194	5.71846810	5.82625688	5.48885700	6.38363954	2.94916135	6.60902500
3.41806774	5.46041552	4.70319325	2.63470158	0.91069277	0.86918158	6.03240455	5.26204221	2.07221527	5.38982366	5.53750340	0.39465219	3.64691231	6.69734932	5.41104163	6.52239598	2.25896987	5.26516234	4.12526122	4.77008878	3.91324811	3.97106465	0.33218196	3.62928833	1.01209105	3.54760777	1.94214592	4.62049724	4.09651841	1.88187953	4.78004903	7.47651735	2.86979363	7.17538110	0.00000000	2.09671271	6.43314292	6.97551186	1.47070422	6.07557500	2.18150132	2.14105520	3.05776854	1.71849229	0.62072526	4.14197747	4.76874152	3.09759528	2.78270588	4.81948519	3.89725791	5.06250521	1.16106277
1.81609518	3.50576570	3.41269980	0.61470983	1.46915127	1.76092718	4.24749647	3.32614933	0.54358585	4.68138192	3.74979439	2.07859468	1.73391392	6.11925166	3.41515212	4.95094686	1.21129787	3.17739534	2.42907290	3.05751473	1.81658532	2.08529447	1.96848747	2.33975157	1.21055226	2.06793237	0.68002341	3.48224412	2.13709033	0.88222636	2.69314777	6.78621665	1.29217050	6.33114554	2.09671271	0.00000000	4.95940939	5.25804613	1.97334016	4.74536739	0.10154965	0.44798416	1.02830612	0.77462877	1.47642220	2.92709557	3.78302295	1.06219813	0.75721582	2.76292381	1.81188915	3.66751424	0.93673656
3.15417164	2.41187351	1.75096899	4.38957119	6.25666862	6.55153319	1.39291774	2.38355053	4.60307344	2.39315848	1.61944574	6.64049098	3.34826118	3.06430081	2.67655342	0.38644589	4.19469373	3.61080260	2.54635520	1.97913029	4.15995630	3.02500768	6.13314768	2.80481101	5.98362020	2.94232044	4.64565786	1.93401399	3.13401745	4.62282464	4.33851573	3.14863657	3.71157449	2.48232994	6.43314292	4.95940939	0.00000000	1.13567416	5.15386920	0.58378598	4.95613734	5.32753681	4.08067884	5.73345341	5.94529084	2.31121814	2.01972712	4.06832343	4.28062230	3.28541404	4.41481642	1.37128494	5.54429929
3.56540827	2.05516862	2.53946398	4.65068727	6.66147355	6.96094741	1.03428275	2.13151022	4.99933872	3.51266443	1.51640249	7.13067334	3.53519300	4.16960372	2.29122252	0.76295429	4.71925735	3.18347372	2.86844906	2.22057886	4.08414110	3.18363689	6.70045375	3.41330311	6.38680537	3.43085445	5.08097919	2.81615821	3.19665527	5.10277830	4.01656075	4.16578722	4.12681654	3.50310246	6.97551186	5.25804613	1.13567416	0.00000000	5.82667450	1.70504052	5.23311210	5.56497730	4.27738030	6.02256477	6.43353579	3.04529275	3.00698003	4.25462462	4.52005614	3.03574194	4.31817529	2.12659567	5.97582614
2.42244950	4.59899716	3.40295359	2.21359541	1.87132374	2.05007564	4.96539498	4.38605713	1.57881659	3.92703388	4.49351147	1.81249745	2.88441954	5.22680504	4.61371849	5.29174760	1.28626336	4.71261726	3.10431685	3.70811540	3.54277620	3.13747438	1.13864317	2.41338321	1.72111394	2.44992499	1.38977927	3.26589090	3.33744695	1.19770339	4.45771791	6.00637030	1.98370652	5.71503691	1.47070422	1.97334016	5.15386920	5.82667450	0.00000000	4.74305230	2.07392984	2.29655116	2.54915069	2.16051729	1.30689041	2.84352873	3.36320376	2.59136593	2.32872204	4.17719119	3.62517383	3.79169143	1.39528369
2.93018115	2.63390497	1.37869248	4.20732569	5.96987589	6.25951700	1.74036886	2.55951098	4.34441034	1.81119503	1.81719349	6.30717849	3.23978858	2.58283167	2.89350531	0.94228617	3.87592292	3.80451412	2.40802426	1.94182009	4.16026084	2.94761277	5.76572686	2.48169580	5.70060636	2.68364448	4.36549163	1.47892972	3.10216848	4.31947045	4.45872496	2.77817943	3.46478589	2.12694303	6.07557500	4.74536739	0.58378598	1.70504052	4.74305230	0.00000000	4.75350459	5.13904233	3.94084128	5.51213020	5.61942190	1.93505514	1.49009959	3.93437075	4.11260722	3.40538963	4.41879045	1.07799210	5.25208685
1.82345668	3.45748726	3.43008095	0.58242818	1.52851350	1.81645009	4.21820545	3.28111301	0.61867129	4.72697893	3.72175324	2.15162176	1.70176643	6.16664780	3.36056434	4.93977352	1.28240762	3.10142966	2.41854776	3.04065697	1.73287831	2.05396288	2.06061200	2.36719464	1.27585119	2.08331204	0.76679579	3.50963281	2.09360406	0.97177105	2.60286929	6.82670686	1.31454328	6.36467051	2.18150132	0.10154965	4.95613734	5.23311210	2.07392984	4.75350459	0.00000000	0.40055651	0.98069869	0.78968354	1.56221109	2.95360800	3.81798255	1.01221227	0.71729643	2.69742804	1.72069897	3.67554861	1.02419066
2.21151092	3.73137899	3.82416587	0.93796642	1.36552537	1.62726225	4.54177223	3.56576620	0.98749969	5.12574519	4.04934600	2.03928690	2.03087100	6.56467153	3.61383884	5.29884139	1.65525044	3.26401812	2.78319257	3.39283186	1.86956057	2.38159786	2.08063440	2.76658791	1.15333863	2.47712195	1.10672189	3.90874261	2.39063769	1.29841904	2.67572628	7.22695806	1.71300688	6.76502440	2.14105520	0.44798416	5.32753681	5.56497730	2.29655116	5.13904233	0.40055651	0.00000000	1.28781995	0.50813458	1.54563231	3.35253976	4.21850930	1.31196221	1.05275115	2.91315443	1.80206204	4.06163101	1.05001455
1.10673270	2.47787387	2.69970890	0.42613050	2.49619973	2.78906986	3.25412139	2.30042033	1.02834005	4.20412134	2.76156150	3.08481332	0.74620567	5.64030005	2.38854180	4.02959811	1.34402804	2.22665808	1.53983961	2.12051335	0.99900522	1.09483261	2.87887471	1.76849797	2.23382019	1.40488456	1.20310109	2.85459042	1.11335225	1.36451962	1.91121309	6.23109249	0.84987970	5.71447545	3.05776854	1.02830612	4.08067884	4.27738030	2.54915069	3.94084128	0.98069869	1.28781995	0.00000000	1.75882492	2.44202073	2.31163184	3.21831415	0.04259388	0.27719082	1.76175923	1.12052626	2.87614398	1.90917288
2.58621243	4.22384631	4.16895089	1.37196943	0.88011577	1.12647765	5.00633537	4.05357100	1.20326156	5.36052106	4.51048906	1.56864904	2.48967205	6.78711048	4.11302744	5.72513660	1.82567886	3.77153925	3.20322232	3.82912011	2.37652315	2.84193431	1.71327956	3.08146124	0.70661378	2.82991062	1.25189091	4.21973167	2.87090318	1.39728051	3.16829028	7.47940773	2.04941133	7.04746951	1.71849229	0.77462877	5.73345341	6.02256477	2.16051729	5.51213020	0.78968354	0.50813458	1.75882492	0.00000000	1.16826675	3.66818859	4.50059178	1.78706598	1.50394892	3.41911866	2.30124110	4.43498924	0.77831798
2.86813765	4.86345900	4.24086351	2.01765034	0.57291913	0.74963211	5.47193311	4.66814798	1.47461298	5.08357560	4.97427582	0.69843564	3.04943131	6.44279859	4.80624725	6.01211514	1.75068836	4.64500894	3.56951592	4.21743353	3.29300367	3.38022893	0.54517004	3.14526072	0.50360927	3.02313552	1.36110167	4.19240429	3.49442059	1.33321149	4.16317416	7.19790327	2.30892387	6.85262253	0.62072526	1.47642220	5.94529084	6.43353579	1.30689041	5.61942190	1.56221109	1.54563231	2.44202073	1.16826675	0.00000000	3.68672880	4.38045604	2.48141121	2.16608237	4.20357567	3.28038560	4.58110634	0.54034166
1.20501780	2.43328655	0.56283977	2.46613037	4.05477841	4.34009953	2.33023322	2.23615947	2.47140885	1.91608961	1.95015441	4.37265839	1.78383556	3.33766809	2.58886387	2.45667423	1.95140917	3.20626353	1.10501637	1.28491118	2.88746516	1.65352348	3.83464883	0.58751271	3.78938898	0.90811717	2.46761378	0.55639185	1.91306646	2.40189661	3.51969095	3.92100312	1.63957648	3.42205225	4.14197747	2.92709557	2.31121814	3.04529275	2.84352873	1.93505514	2.95360800	3.35253976	2.31163184	3.66818859	3.68672880	0.00000000	0.90837722	2.32004595	2.40645424	2.63794487	3.12861044	0.95022513	3.33650718
2.11166184	3.00634258	0.74922025	3.35564351	4.80273769	5.07568963	2.57532912	2.83919411	3.29734587	1.02453216	2.34003982	5.04168209	2.68154154	2.43042902	3.20934891	2.29056485	2.71361815	3.94677381	1.94227750	1.89942403	3.77511652	2.51989635	4.44560536	1.46579655	4.54774987	1.81349665	3.26675455	0.41751595	2.76548047	3.16956033	4.35459561	3.02085880	2.51424469	2.54859194	4.76874152	3.78302295	2.01972712	3.00698003	3.36320376	1.49009959	3.81798255	4.21850930	3.21831415	4.50059178	4.38045604	0.90837722	0.00000000	3.22746889	3.30385041	3.40820828	4.02089152	1.02201326	4.09194162
1.11599239	2.44536258	2.70117148	0.46439557	2.53086112	2.82312363	3.22997270	2.26938907	1.07059874	4.21633724	2.73844820	3.12239635	0.72777152	5.65130447	2.35337384	4.01344749	1.38370351	2.18486132	1.53058828	2.10459895	0.95787157	1.07395334	2.91994161	1.78157720	2.26933078	1.41468721	1.24561262	2.86095088	1.08391439	1.40708064	1.86952368	6.23805591	0.87873621	5.71846810	3.09759528	1.06219813	4.06832343	4.25462462	2.59136593	3.93437075	1.01221227	1.31196221	0.04259388	1.78706598	2.48141121	2.32004595	3.22746889	0.00000000	0.31553015	1.72217416	1.08278863	2.87187735	1.94788009
1.21362162	2.74938890	2.83289155	0.14895871	2.22214419	2.51609357	3.50239532	2.56895539	0.77445688	4.26707602	3.00682713	2.80763781	0.98577030	5.70867090	2.66419761	4.24640365	1.18228421	2.49344652	1.73436352	2.34009131	1.21810036	1.33801741	2.60858236	1.83911507	1.95844186	1.50167230	0.95668339	2.95875585	1.37987795	1.13288225	2.13273254	6.32436224	0.82813735	5.82625688	2.78270588	0.75721582	4.28062230	4.52005614	2.32872204	4.11260722	0.71729643	1.05275115	0.27719082	1.50394892	2.16608237	2.40645424	3.30385041	0.31553015	0.00000000	2.03751436	1.30018806	3.03929207	1.63235569
1.91219592	0.98229146	2.67501756	2.18608446	4.22534015	4.50999410	2.03935235	0.92319733	2.77055704	4.41389789	1.67159729	4.83856153	1.30012551	5.71116927	0.77271143	3.07955647	2.89306690	0.58762762	1.54405479	1.55601874	1.12199509	1.12849781	4.63482657	2.40356906	3.97249152	2.07551049	2.93050934	2.99140624	0.87274966	3.06077991	1.05615298	6.10686428	2.20447918	5.48885700	4.81948519	2.76292381	3.28541404	3.03574194	4.17719119	3.40538963	2.69742804	2.91315443	1.76175923	3.41911866	4.20357567	2.63794487	3.40820828	1.72217416	2.03751436	0.00000000	1.32079908	2.58538593	3.66919856
2.00693672	2.28682653	3.38279434	1.41174840	3.16731776	3.42714683	3.29605664	2.18708414	2.05262919	5.04146574	2.86743657	3.83402819	1.34613822	6.44259340	2.09278340	4.26735205	2.46178354	1.51243581	2.10943736	2.47726189	0.25869903	1.52209063	3.78037502	2.67458426	2.94573467	2.28807191	2.24060938	3.61931450	1.32250584	2.42749274	0.88282283	6.95382377	1.93716406	6.38363954	3.89725791	1.81188915	4.41481642	4.31817529	3.62517383	4.41879045	1.72069897	1.80206204	1.12052626	2.30124110	3.28038560	3.12861044	4.02089152	1.08278863	1.30018806	1.32079908	0.00000000	3.43977119	2.74440202
1.85219047	2.03523663	0.41315604	3.13132457	4.91010394	5.20234944	1.56166217	1.88966677	3.27287338	1.90106440	1.32387552	5.27454383	2.19558231	3.12767203	2.25923051	1.50751950	2.83088357	3.07402767	1.36181879	1.03027166	3.18198200	1.92993274	4.76188099	1.43646945	4.63897898	1.60878345	3.30110317	0.71543481	2.11871784	3.26589187	3.60327222	3.54125662	2.38930744	2.94916135	5.06250521	3.66751424	1.37128494	2.12659567	3.79169143	1.07799210	3.67554861	4.06163101	2.87614398	4.43498924	4.58110634	0.95022513	1.02201326	2.87187735	3.03929207	2.58538593	3.43977119	0.00000000	4.19408272
2.41924216	4.35017813	3.87685201	1.48350524	0.71840501	1.00826680	4.99709367	4.15856179	0.97954431	4.86871654	4.49775733	1.18404526	2.53946200	6.26578522	4.28427050	5.58800510	1.38736443	4.10546436	3.10744428	3.75529293	2.75311765	2.87731436	1.04351799	2.77089850	0.45585344	2.60326732	0.90139678	3.86496290	2.97743474	0.93463284	3.62686659	6.99400778	1.85377229	6.60902500	1.16106277	0.93673656	5.54429929	5.97582614	1.39528369	5.25208685	1.02419066	1.05001455	1.90917288	0.77831798	0.54034166	3.33650718	4.09194162	1.94788009	1.63235569	3.66919856	2.74440202	4.19408272	0.00000000

EDGE_KM_T
0.00000000	3.08061606	2.14236025	1.68344595	3.42359394	3.77865075	3.43551445	2.77917786	1.55100762	4.38409188	2.82737142	4.36772786	0.78569510	6.41524610	3.09178394	3.40833329	1.62503921	3.02690615	0.94055183	1.73670058	2.27396926	1.00020885	4.18313565	0.93886123	3.11181643	0.42271279	1.77630185	2.44214592	1.25303380	1.94847081	2.79976748	7.19720565	0.63908702	6.38749543	4.41735192	2.11572274	3.29306861	4.39189956	3.42332789	3.50496704	2.20233079	2.74817747	1.56112462	2.93090329	3.53963424	1.69701156	2.98167033	1.57729894	1.64334519	2.36668764	2.63561228	2.21663028	2.77569285
3.08090243	0.00000000	2.26445083	3.78291850	6.50509605	6.86020948	1.48707757	0.30146277	4.63219062	4.50114857	1.12711841	7.44929575	2.47698596	6.53251825	0.37415890	3.03729725	4.70613837	1.69622755	2.14022636	1.34395673	2.15743001	2.08064369	7.26459264	3.26454238	6.19326596	3.08462543	4.85749272	2.67123599	1.82782256	5.02965516	2.68316477	7.31463683	3.72009769	6.50489509	7.49887089	4.53722361	3.41032947	2.59375650	6.50457427	3.62217127	4.42266231	4.57409460	3.19278643	5.26913713	6.62107009	2.92436636	3.09862672	3.13475902	3.57609668	1.19154688	2.51911329	2.33363123	5.85705675
2.14224166	2.26445012	0.00000000	3.82559198	4.92501368	5.15599279	2.61927468	2.21214374	3.49500203	2.24168230	2.01117046	5.18349887	2.92792947	4.27274716	2.63340802	2.59203249	2.55320034	3.95528707	1.79701017	1.34228003	4.41616418	2.62612147	4.99895268	1.20341070	4.69253992	1.71954567	3.35106243	0.40677054	2.91848970	3.11150551	4.94198872	5.05464074	2.62329100	4.24494360	5.23314323	4.25782121	2.19262659	3.57557713	4.23923232	1.39469796	4.34443038	4.89024910	3.70329922	5.07293973	4.35546005	0.65976445	0.83930236	3.71947522	3.78550113	3.45058514	4.77779050	0.57954909	4.14243240
1.68351671	3.78256034	3.82596473	0.00000000	2.72192172	3.07699593	4.13751336	3.48111460	0.84923741	6.06773286	3.52934162	3.66607585	1.30578500	8.09895322	3.79371745	4.60373828	1.27241600	3.72879853	2.02883789	2.48365528	1.80986901	1.70208053	3.48144958	2.62240035	2.41012807	2.10624193	1.07453406	4.12574722	1.95490431	1.24670101	2.99240264	8.88096157	1.20238923	8.07124168	3.71568489	0.75422568	4.97677226	5.09395966	2.72157714	5.18865331	0.63966625	1.06478658	0.59008437	1.48603564	2.83794168	3.38058325	4.66528052	0.64810898	0.20680529	3.06857541	1.75483303	3.90025415	2.07397819
3.42347377	6.50403241	4.92520362	2.72173436	0.00000000	0.35504547	6.85889510	6.20259914	1.87252239	7.16691140	6.25077084	0.94412075	4.02741132	9.19802240	6.51520732	6.83168442	2.37189982	6.45035641	4.36400069	5.16012520	4.53154358	4.42367262	1.22654383	3.72174729	0.31176697	3.41970218	1.64722973	5.22499136	4.67649834	1.81357637	5.71404501	9.97995003	2.78440845	9.17024614	0.99375461	1.96756686	6.43227798	7.81524023	2.64655728	6.28775697	2.08212492	1.93077349	3.31178380	1.23583275	0.80188358	4.47987634	5.76450997	3.36980636	2.92852755	5.79014091	4.47652804	4.99946097	0.78261096
3.77849377	6.85904129	5.15615831	3.07676331	0.35504327	0.00000000	7.21389707	6.55760897	2.22755328	7.39786146	6.60577644	0.58907492	4.38243200	9.42896410	6.87021756	7.18668067	2.60287324	6.80537185	4.71901586	5.51513568	4.88656795	4.77869068	1.45753115	3.95271025	0.66680820	3.77472060	2.00226092	5.45594645	5.03151654	2.04455310	6.06906692	10.21088555	3.13943264	9.40118288	1.05024310	2.32260025	6.78727433	8.17023445	2.87753642	6.51870130	2.43715820	2.28580939	3.66681008	1.59087194	1.03287007	4.71083518	5.99546393	3.72483247	3.28355557	6.14515694	4.83155398	5.23041321	1.01359466
3.43581441	1.48701458	2.61946401	4.13774888	6.85979570	7.21488909	0.00000000	1.43988565	4.98700327	3.63048980	0.60820346	7.80397212	2.83189173	5.04538550	1.86116107	1.55016759	5.06098071	3.18318227	2.49518233	1.69895549	3.64430332	2.43557333	7.61930827	3.61948019	6.54798424	3.43955174	5.21230259	3.02624551	2.18275085	5.38446733	4.17006056	5.82744779	4.07497135	5.01771721	7.85356458	4.89201341	1.92320071	1.10660837	6.85936448	2.13506255	4.77745307	4.92886150	3.54764119	5.62387401	6.97579321	3.27934174	3.26615533	3.48961521	3.93093551	2.67849629	4.00597235	2.03984789	6.21180535
2.77941112	0.30146009	2.21217518	3.48140207	6.20353938	6.55864664	1.43993527	0.00000000	4.33066873	4.45401276	1.07998630	7.14773191	2.17549274	6.48535896	0.42127798	2.99013891	4.40462562	1.74333202	1.83874859	1.04249214	2.20450942	1.77915782	6.96304088	2.96305902	5.89171502	2.78313853	4.55596998	2.51195164	1.52633627	4.72813312	2.73025110	7.26746020	3.41859458	6.45772190	7.19731238	4.23569469	3.36317141	2.54659247	6.20304547	3.57501937	4.12113368	4.27255863	2.89127750	4.96759191	6.31952064	2.62289458	3.05150184	2.83325054	3.27458285	1.23864972	2.56618831	2.28650150	5.55551514
1.55099023	4.63158853	3.49520192	0.84921891	1.87256656	2.22761986	4.98647587	4.33015185	0.00000000	5.73692617	4.37833865	2.81669641	2.15492534	7.76806702	4.64275858	4.95928558	0.94183129	4.57788911	2.49153435	3.28767561	2.65904444	2.55119599	2.63211106	2.29171611	1.56079231	1.77556967	0.22529375	3.79498823	2.80402117	0.39746310	3.84155466	8.55001669	0.91190992	7.74030843	2.86632350	0.76284195	4.64589023	5.94284862	1.87231635	4.85779218	0.84945017	1.39529268	1.43927788	1.57801324	1.98861097	3.04985985	4.33451085	1.49730100	1.05601540	3.91767153	2.60402333	3.56946803	1.22467403
4.38351198	4.50086052	2.24156128	6.06662773	7.16567361	7.39659508	3.63036601	4.45368052	5.73598678	0.00000000	3.37394750	6.90227134	5.16918192	2.03084559	4.87493411	3.60297405	4.79427043	6.19667677	4.03840695	3.58379983	6.65731984	4.86744258	5.93918540	3.44475529	6.93325338	3.96085719	5.59203917	1.94176080	5.15980692	5.35248888	7.18320897	2.81257733	4.86445116	2.00291225	6.34639945	6.49874027	3.20357075	4.58646559	4.51943154	2.40569976	6.58535219	7.13110235	5.94440503	7.31370667	6.36387171	2.68675698	1.40227786	5.96058515	6.02656116	5.69195955	7.01890518	2.16738176	6.38323302
2.82758217	1.12708196	2.01125396	3.52949875	6.25151692	6.60660591	0.60819619	1.07995113	4.37874925	3.37401549	0.00000000	7.19568822	2.22365812	5.40529219	1.50122573	1.91007496	4.45273319	2.82323653	1.88695973	1.09074228	3.28433973	1.82734496	7.01103299	3.01125361	5.93970953	2.83132264	4.60404795	2.41803466	1.78650920	4.77621321	3.81010189	6.18734213	3.46673071	5.37761400	7.24528449	4.28375438	2.28310828	1.56469462	6.25110554	2.49497452	4.16919425	4.32059746	2.93939640	5.01560338	6.36751957	2.67112340	2.65794672	2.88137074	3.32268723	2.31854938	3.64600564	1.43164275	5.60353729
4.36734314	7.44779361	5.18334357	3.66569079	0.94409590	0.58907182	7.80258907	7.14636962	2.81649775	6.90318591	7.19450014	0.00000000	4.97128732	8.93421553	7.45898176	7.77532280	2.74241767	7.39418147	5.30782312	6.10390198	5.47545551	5.36752314	0.96318075	4.18358804	1.25584301	4.36355625	2.59120806	4.96131471	5.62035030	2.41903534	6.65793297	9.71608309	3.72831870	8.90639110	0.55591370	2.91156659	7.37591732	8.75885890	2.38311463	6.57799795	3.02612363	2.87479765	4.25571423	2.17988894	0.82801729	4.52359657	5.50082237	4.31373526	3.87247496	6.73397165	5.42045518	5.76288233	1.59191709
0.78570273	2.47681413	2.92818723	1.30581217	4.02778099	4.38286242	2.83178986	2.17536525	2.15505596	5.16997053	2.22360618	4.97194351	0.00000000	7.20121840	2.48796676	3.70600235	2.22905112	2.42303074	1.13103976	1.58587258	1.48831549	0.39630414	4.78730309	1.72459568	3.71598063	1.20843311	2.38035362	3.22796841	0.64912743	2.55251974	2.01408614	7.98324706	1.24306046	7.17352314	5.02154630	2.06005247	4.07903600	3.78826162	4.02740378	4.29090982	1.94549270	2.09688690	0.77549215	2.79188150	4.14379249	2.48279212	3.76750540	0.79166471	1.09900383	1.76280570	1.84997602	3.00248471	3.37981983
6.41400183	6.53151462	4.27221510	8.09698538	9.19581945	9.42670843	5.04497204	6.48432053	7.76631568	2.03072202	5.40465003	8.93237943	7.19966169	0.00000000	6.90556810	3.49519471	6.82464743	8.22723390	6.06896807	5.61443027	8.68774507	6.89796104	7.96935712	5.47528699	8.96342938	5.99137026	7.62236356	3.97240869	7.19032320	7.38281701	9.21367060	0.86345914	6.89487892	1.34711038	8.37653561	8.52903216	3.12215484	4.38819630	6.54972408	2.91014281	8.61564563	9.16135714	7.97480216	9.34391281	8.39405557	4.71734956	3.43294235	7.99098460	8.05693249	7.72250806	9.04930732	4.19807182	8.41345815
3.09206551	0.37416313	2.63346110	3.79410934	6.51633138	6.87145164	1.86126214	0.42128039	4.64338751	4.87532596	1.50129171	7.46053901	2.48815116	6.90672160	0.00000000	3.41149955	4.71732516	1.32208479	2.15137447	1.35509028	1.98414451	2.09180075	7.27582254	3.27569666	6.20449496	3.09578363	4.86869056	2.93323518	1.83898009	5.04085221	2.30904207	7.68885934	3.73127381	6.87911381	7.51010826	4.54842827	3.78453146	2.96796508	6.51577879	3.99636643	4.43386665	4.58530705	3.20396898	5.28035980	6.63229744	2.93550787	3.47279203	3.14594109	3.58728465	0.81740593	2.14500308	2.70780191	5.86827543
3.40842668	3.03702179	2.59221730	4.60360836	6.83211210	7.18717754	1.55009501	2.98988075	4.95947711	3.60330175	1.90997492	7.77625605	3.70582502	3.49521359	3.41115098	0.00000000	5.03349592	4.73310608	2.57482524	2.12002650	5.19411369	3.40397874	7.59164693	3.59212845	6.52032658	3.41218398	5.18477255	2.99899370	3.69634914	5.35694051	5.71990223	4.27719744	4.04753022	3.46748240	7.82587266	5.03590264	0.39940734	0.98357425	6.83180705	1.19736811	5.12251028	5.66836723	4.48127653	5.85110598	6.94814230	3.25204236	3.23891780	4.49745024	4.56350396	4.22841268	5.55576286	2.01263235	6.18418994
1.62496450	4.70547181	2.55321728	1.27239283	2.37182753	2.60280863	5.06030260	4.40404294	0.94180464	4.79490374	4.45219510	2.74251065	2.22890520	6.82597614	4.71665300	5.03306555	0.00000000	4.65182611	2.56546915	3.36157199	2.73305452	2.62515441	2.55796055	1.44122388	2.13935191	1.62118565	0.79786532	2.85300687	2.87798081	0.55830817	3.91554457	7.60787528	0.98591859	6.79817703	2.79215329	1.70462609	4.63365957	6.01661201	1.79823277	3.91572287	1.79123516	2.33705626	1.51330352	2.51974988	1.91446717	2.10790914	3.39252029	1.57132535	1.23230114	3.99161331	2.67804620	3.02057297	1.58924137
3.02708368	1.69631437	3.95561214	3.72921810	6.45158528	6.80672779	3.18348332	1.74342198	4.57851596	6.19752374	2.82347613	7.39581877	2.42317623	8.22900405	1.32213745	4.73377856	4.65242065	0.00000000	2.15829030	2.61325353	1.91920695	2.02679931	7.21105869	3.21068615	6.13972818	3.03078589	4.80382210	4.25538216	1.77398015	4.97598119	0.98702272	9.01120428	3.66633452	8.20144636	7.44536878	4.48358209	5.10680947	4.29026460	6.45093215	5.31862219	4.36901940	4.52048629	3.13905068	5.21557237	6.56752528	3.51010183	4.79495039	3.08102120	3.52238403	0.66024125	1.97429150	4.02997779	5.80347499
0.94057496	2.14009442	1.79710731	2.02879502	4.36428055	4.71934790	2.49502594	1.83865164	2.49163482	4.03886108	1.88686550	5.30842672	1.13100453	6.07005543	2.15125577	2.57484155	2.56565080	2.15828107	0.00000000	0.79617126	2.61929640	0.82915599	5.12381386	1.12427429	4.05249325	0.94433090	2.71693052	2.09689106	1.12152652	2.88909826	3.14508280	6.85204458	1.57968213	6.04232850	5.35804167	2.46109315	2.94787583	3.45144818	4.36396689	3.15976372	2.54770070	3.09355992	1.90646088	3.27630153	4.48030852	1.35173874	2.63642086	1.92263445	1.98868982	1.65358818	2.98094692	1.87138910	3.71635373
1.73677239	1.34392757	1.34230887	2.48364859	5.16054199	5.51561538	1.69887809	1.04248217	3.28786220	3.58407534	1.09070766	6.10469518	1.58583537	5.61529269	1.35508517	2.12007787	3.36186923	2.61309751	0.79618416	0.00000000	3.07413739	1.28397962	5.92007048	1.92046392	4.84874908	1.74052401	3.51315873	1.64209151	1.57635056	3.68532578	3.59991702	6.39729883	2.37589111	5.58757938	6.15430491	3.19284956	2.49311189	2.65532162	5.16020103	2.70499373	3.07829017	3.54843263	2.36130710	3.92465739	5.27656288	1.58036294	2.18162441	2.37748024	2.44354084	2.10840622	3.43579220	1.41659741	4.51260042
2.27408841	2.15745302	4.41675102	1.80995744	4.53215633	4.88727304	3.64454085	2.20457183	2.65923247	6.65860841	3.28457629	5.47635984	1.48837474	8.68999051	1.98412165	5.19476900	2.73317538	1.91910214	2.61950286	3.07441098	0.00000000	1.79028207	5.29165031	3.21302682	4.22032320	2.69684402	2.88453502	4.71652576	1.49790821	3.05669708	1.18258126	9.47211823	1.79287969	8.66237469	5.52593215	2.56426918	5.56780107	4.75123125	4.53161977	5.77963961	2.44970772	2.60114390	1.21982140	3.29619134	4.64812654	3.97128939	5.25608079	1.16179376	1.60313425	1.25886773	0.36168561	4.49108787	3.88410905
1.00023201	2.08051697	2.62632890	1.70212459	4.42410431	4.77918741	2.43549797	1.77906737	2.55136987	4.86811572	1.82731152	5.36826877	0.39630613	6.89936995	2.09166857	3.40415364	2.62536254	2.02672859	0.82917666	1.28401305	1.79018560	0.00000000	5.18362508	1.42273106	4.11230240	1.00397670	2.77666775	2.92610977	0.29237159	2.94883368	2.31595436	7.68140331	1.63936927	6.87167846	5.41787012	2.45636828	3.77718722	3.39197561	4.42371956	3.98905936	2.34180843	2.49320462	1.11202940	3.18820172	4.54011386	2.18093064	3.46564762	1.09353614	1.49531555	1.36650310	2.15184731	2.70062825	3.77613907
4.18267994	7.26306065	4.99861073	3.48108373	1.22651580	1.45747187	7.61781277	6.96164265	2.63190289	5.93977148	7.00974662	0.96315373	4.78662840	7.97074863	7.27425735	7.59051066	2.55780239	7.20948969	5.12312966	5.91917907	5.29081975	5.18284779	0.00000000	3.99890706	1.07131308	4.17888319	2.40661511	4.59184441	5.43567587	2.23444081	6.47328175	8.75257746	3.54368186	7.94289314	0.40725194	2.72698745	7.19110580	8.57403405	1.41988257	6.39320023	2.84154383	2.69023426	4.07109040	1.99534621	0.64348403	4.33888975	4.53743237	4.12911044	3.68786209	6.54928354	5.23582922	5.57813411	1.40736630
0.93883561	3.26425404	1.20342426	2.62220062	3.72164587	3.95262858	3.61908993	2.96282447	2.29161387	3.44511413	3.01097975	4.18375563	1.72452454	5.47619271	3.27543423	3.59185710	1.44123159	3.21060350	1.12424673	1.92035304	3.21276531	1.42271224	3.99920236	0.00000000	3.48916875	0.51613704	2.14767477	1.50321356	1.71508072	1.90811743	3.73858581	6.25809641	1.41989185	5.44839726	4.23339687	3.05443716	3.19245104	4.57540506	3.23946857	2.56593749	3.14104615	3.68686918	2.49990347	3.86956521	3.35570838	0.75811306	2.04272780	2.51607921	2.58210825	2.55039027	3.57439419	1.57935700	2.93905576
3.11172037	6.19228612	4.69273924	2.40997525	0.31176828	0.66681515	6.54715323	5.89085224	1.56076203	6.93444996	5.93902664	1.25589066	3.71565749	8.96556632	6.20346016	6.51994620	2.13942346	6.13860592	4.05225038	4.84837789	4.21978739	4.11192046	1.07131791	3.48927762	0.00000000	3.10794978	1.34153942	4.99252672	4.36474608	1.58109789	5.40229039	9.74749790	2.47265236	8.93779322	1.30552330	1.65580490	6.12053969	7.50350331	2.41407727	6.05529920	1.77036302	1.61900992	3.00002640	0.92406708	0.56939886	4.24740931	5.53204605	3.05804905	2.61676902	5.47839005	4.16477085	4.76699816	0.55012803
0.42270739	3.08434674	1.71961473	2.10612259	3.41974505	3.77479431	3.43922139	2.78291182	1.77554674	3.96133049	2.83109083	4.36387020	1.20840014	5.99245598	3.09551929	3.41202060	1.62124409	3.03065938	0.94430413	1.74043676	2.69666162	1.00397107	4.17929278	0.51614411	3.10797456	0.00000000	1.77249449	2.01940178	1.25679653	1.94466431	3.22246830	6.77439431	0.90378719	5.96468830	4.41350079	2.53838408	3.01261398	4.39557992	3.41951313	3.08218598	2.62499249	3.17083018	1.98381045	3.35354469	3.53579420	1.27428028	2.55892233	1.99998531	2.06602501	2.37044288	3.05829927	1.79387633	2.77186241
1.77625066	4.85681589	3.35119876	1.07450597	1.64723686	2.00228362	5.21168268	4.55538205	0.22529284	5.59290927	4.60355626	2.59135911	2.38018781	7.62402525	4.86798999	5.18447539	0.79788387	4.80313599	2.71678044	3.51290773	2.88431789	2.77645066	2.40678657	2.14773754	1.34153892	1.77248000	0.00000000	3.65098627	3.02927628	0.23955846	4.06682077	8.40595655	1.13718285	7.59625192	2.64099185	0.90677223	4.78506888	6.16803240	1.64701619	4.71375824	0.99338076	1.53921549	1.66455698	1.72192626	1.76328892	2.90586903	4.19050554	1.72257963	1.28129970	4.14292015	2.82930142	3.42545757	0.99936030
2.44197071	2.67121826	0.40676825	4.12527009	5.22461017	5.45557676	3.02600349	2.51193067	3.79466906	1.94186377	2.41791993	4.96126032	3.22765464	3.97288101	2.93319262	2.99872876	2.85288591	4.25504205	2.09676669	1.64206326	4.71586833	2.92586155	4.59199865	1.50315588	4.99214804	2.01928367	3.65072772	0.00000000	3.21822894	3.41117225	5.24170690	4.75473944	2.92299613	3.94504926	4.82617551	4.55747398	2.59932343	3.98226187	3.83232485	1.80140732	4.64408375	5.18988758	4.00299255	5.37255947	4.42275547	0.74507303	0.53950600	4.01916944	4.08518451	3.75033680	5.07748575	0.98630338	4.44205944
1.25306304	1.82773477	2.91874138	1.95499491	4.67703760	5.03213035	2.18274611	1.52628097	2.80424874	5.16054847	1.78653073	5.62121327	0.64914016	7.19183944	1.83888039	3.69662163	2.87822712	1.77391755	1.12156158	1.57641858	1.49784107	0.29237224	5.43655067	1.71510723	4.36522671	1.25680083	3.02954796	3.21852049	0.00000000	3.20171278	2.02359901	7.97389991	1.89221876	7.16416969	5.67080628	2.70925815	4.06965478	3.25306181	4.67660923	4.28151727	2.59469784	2.74610552	1.36488799	3.44111707	4.79303584	2.47332491	3.75806327	1.30686206	1.74818181	1.11368951	1.85950964	2.99305150	4.02904879
1.94838446	5.02891280	3.11156717	1.24666944	1.81354271	2.04452798	5.38375667	4.72748213	0.39746278	5.35326237	4.77564230	2.41913960	2.55232386	7.38435059	5.04009142	5.35653043	0.55831443	4.97525468	2.88889823	3.68500996	3.05646619	2.94857803	2.23458135	1.90813336	1.58106323	1.94460858	0.23955762	3.41135601	3.20140415	0.00000000	4.23896090	8.16626141	1.30933059	7.35656085	2.46877864	1.14632256	4.95712425	6.34008072	1.47483809	4.47409234	1.23293144	1.77875749	1.83671160	1.96145734	1.59108642	2.66625119	3.95087155	1.89473372	1.45346010	4.31504078	3.00145491	3.34401857	1.03094640
2.79984580	2.68336336	4.94266109	2.99263553	5.71503163	6.07017858	4.17054624	2.73046905	3.84193732	7.18458200	3.81053173	6.65927027	2.01412275	9.21607917	2.30918370	5.72085300	3.91583544	0.98703576	3.14532660	3.60029929	1.18261515	2.31606611	6.47450151	3.73882318	5.40317041	3.22262302	4.06724407	5.24243031	2.02369020	4.23940265	0.00000000	9.99829184	2.92974237	9.18853146	6.70881645	3.74700849	6.09388371	5.27734311	5.71435847	6.30569199	3.63244560	3.78391776	2.40246272	4.47901048	5.83096644	4.49714242	5.78200080	2.34443292	2.78579959	1.49170753	1.23770285	5.01703169	5.06691051
7.19566231	7.31316778	5.05386827	8.87865175	9.97749523	10.20838566	5.82662064	7.26597432	8.54798332	2.81237215	6.18630103	9.71405690	7.98132262	0.86346321	7.68722215	4.27683955	7.60631293	9.00889138	6.85062537	6.39608448	9.46940843	7.67962025	8.75103175	6.25694560	9.74510383	6.77302971	8.40403141	4.75406212	7.97198250	8.16448469	9.99533234	0.00000000	7.67654217	0.80964781	9.15821183	9.31070145	3.90379974	4.72053582	7.33139335	3.69178916	9.39731485	9.94302808	8.75646677	10.12558591	9.17572966	5.49900546	4.21459505	8.77264910	8.83859825	8.50416592	9.83097170	4.97972337	9.19513041
0.63908167	3.71968358	2.62343502	1.20234566	2.78448264	3.13953665	4.07457316	3.41824659	0.91191208	4.86516076	3.46643476	3.72861331	1.24301657	6.89630434	3.73085319	4.04738473	0.98594782	3.66598203	1.57962736	2.37577013	1.79287479	1.63928806	3.54402658	1.41994652	2.47270773	0.90379968	1.13720593	2.92322120	1.89211320	1.30937520	2.92964548	7.67825601	0.00000000	6.86854735	3.77823979	1.63461679	3.77412740	5.03094843	2.78422922	3.98602863	1.72122497	2.26706832	1.08002774	2.44978995	2.90052622	2.17809160	3.46274418	1.09620226	1.16224609	3.00576426	2.15451583	2.69770192	2.13658838
6.38631716	6.50370671	4.24440740	8.06939989	9.16839284	9.39930619	5.01708754	6.45652320	7.73875175	2.00286315	5.37680578	8.90498113	7.17198458	1.34716526	6.87777528	3.46724689	6.79704741	8.19949875	6.04122993	5.58664012	8.66010888	6.87025490	7.94191109	5.44757092	8.93598014	5.96366817	7.59480302	3.94460544	7.16261870	7.35525366	9.18600710	0.80966057	6.86724083	0.00000000	8.34911626	8.50149600	3.09420811	3.91092203	6.52218742	2.88222045	8.58810830	9.13384881	7.94718705	9.31644096	8.36660044	4.68958782	3.40512665	7.96336774	8.02933673	7.69477938	9.02168845	4.17023693	8.38597206
4.41687867	7.49727488	5.23282494	3.71526998	0.99374504	1.05022208	7.85203663	7.19585555	2.86608643	6.34707872	7.24396542	0.55590444	5.02082617	8.37806752	7.50846969	7.82474249	2.79199047	7.44369477	5.35733511	6.15339107	5.52501238	5.41704922	0.40725530	4.23310974	1.30548219	4.41308411	2.64079823	4.82605805	5.66987710	2.46862428	6.70747781	9.15990496	3.77787473	8.35021894	0.00000000	2.96116750	7.42533749	8.80826871	1.82714928	6.62742886	3.07572402	2.92441081	4.30528038	2.22951817	0.87765388	4.57309817	4.94473418	4.36330064	3.92204963	6.78348780	5.47001967	5.81235173	1.64154004
2.11579395	4.53672243	4.25821318	0.75421414	1.96767041	2.32273891	4.89165753	4.23527916	0.76285927	6.49996933	4.28349521	2.91181792	2.05997770	8.53116799	4.54788308	5.03595393	1.70471305	4.48297765	2.46110262	3.19279844	2.56407128	2.45626644	2.72720281	3.05467024	1.65588205	2.53851509	0.90679398	4.55799672	2.70909060	1.14635495	3.74659852	9.31316032	1.63467737	8.50344361	2.96143188	0.00000000	5.40898817	5.84808375	1.97931063	5.62087492	0.11455916	0.63246808	1.34429158	0.81521140	2.08369704	3.81284246	5.09752710	1.40231578	0.96101703	3.82275604	2.50903936	4.33249623	1.31974080
3.29301449	3.40997823	2.19273190	4.97643992	6.43241273	6.78746450	1.92309444	3.36283125	4.64586630	3.20384508	2.28295176	7.37654079	4.07870802	3.12217649	3.78409895	0.39940673	4.63389391	5.10602167	2.94774251	2.49297297	5.56697372	3.77687804	7.19195847	3.19259161	6.12063992	3.01263929	4.78514839	2.59950580	4.06924752	4.95731792	6.09277759	3.90412192	3.77409910	3.09441449	7.42616922	5.40870650	0.00000000	1.38296838	6.43216948	0.79794709	5.49531479	6.04115547	4.85412473	6.22387374	6.54845895	2.85253115	2.83943689	4.87029941	4.93634129	4.60132464	5.92861316	1.61316221	5.78452397
4.39229715	2.59360523	3.57596018	5.09422079	7.81625024	8.17134096	1.10659902	2.54647516	5.94347282	4.58699155	1.56470361	8.76042355	3.78837364	4.38830945	2.96775008	0.98359754	6.01745420	4.28976499	3.45167090	2.65544974	4.75087523	3.39205841	8.57576493	4.57596636	7.50444124	4.39603638	6.16877176	3.98274119	3.25303983	6.34093681	5.27663545	4.72083399	5.03144900	3.91110489	8.81001832	5.84847992	1.38300602	0.00000000	7.81583104	2.18099207	5.73391970	5.88532497	4.50411633	6.58033349	7.93225086	4.23583289	4.22265237	4.44609054	4.88740853	3.78507830	5.11254237	2.99634703	7.16826639
3.42297420	6.50329578	4.23884596	2.72142560	2.64634553	2.87728991	6.85801115	6.20188284	1.87225511	4.51973427	6.24996431	2.38296988	4.02692629	6.55066693	6.51449972	6.83067865	1.79813729	6.44975973	4.36339826	5.15942271	4.53113728	4.42313175	1.41983906	3.23918625	2.41390402	3.41916909	1.64696896	3.83208177	4.67596062	1.47479331	5.71358617	7.33246293	2.78399848	6.52278512	1.82707820	1.97930921	6.43127432	7.81419127	0.00000000	5.63338044	2.08190882	2.61169744	3.31141805	2.79433606	1.84451682	3.57914703	3.59212348	3.36943726	2.92819903	5.78955668	4.47615507	4.81835629	1.86384902
3.50474348	3.62179768	1.39470065	5.18809611	6.28752149	6.51850115	2.13497011	3.57464294	4.85750666	2.40585139	2.49479788	6.57820903	4.29043147	2.91025158	3.99590732	1.19733512	3.91570413	5.31778771	3.15951075	2.70477939	5.77866713	3.98862279	6.39366173	2.56591179	6.05504720	3.08204708	4.71356714	1.80147129	4.28099107	4.47401015	6.30449104	3.69214677	3.98579390	2.88244930	6.62785290	5.62032648	0.79792920	2.18088029	5.63393928	0.00000000	5.70693562	6.25275502	5.06580266	6.43544650	5.75016889	2.05446617	2.04141152	5.08197862	5.14800502	4.81308594	6.14029385	1.28825450	5.50493883
2.20242299	4.42220284	4.34486020	0.63966202	2.08224576	2.43731782	4.77714913	4.12075802	0.84947065	6.58662384	4.16898093	3.02639740	1.94543898	8.61783605	4.43336128	5.12262144	1.79132971	4.36844741	2.54773947	3.07827625	2.44952658	2.34173197	2.84177531	3.14130387	1.77045409	2.62514668	0.99340487	4.64464309	2.59455589	1.23296625	3.63205781	9.39983839	1.72129960	8.59011969	3.07600828	0.11455933	5.49565552	5.73358790	2.08191083	5.70753871	0.00000000	0.54586482	1.22974379	0.84636364	2.19826821	3.89948276	5.18417529	1.28776825	0.84646641	3.70822486	2.39449213	4.41914723	1.43430744
2.74833837	4.57367179	4.89081085	1.06480193	1.93088612	2.28596518	4.92864003	4.27222394	1.39535141	7.13258915	4.32046029	2.87504589	2.09687044	9.16382794	4.58482590	5.66861225	2.33722082	4.51989551	3.09367018	3.54849791	2.60094631	2.49317175	2.69041011	3.68722825	1.61908796	3.17106705	1.53928466	5.19059246	2.74599519	1.77884684	3.78348537	9.94584989	2.26720163	9.13612730	2.92465073	0.63248012	6.04164602	5.88510338	2.61179097	6.25352222	0.54587313	0.00000000	1.38115748	0.69499104	2.04690040	4.44542023	5.73012823	1.43918243	1.10491205	3.85967110	2.54590689	4.96510567	1.28293076
1.56119790	3.19254151	3.70368774	0.59009444	3.31207018	3.66715266	3.54752057	2.89109218	1.43933918	5.94547326	2.93933514	4.25623393	0.77549484	7.97672515	3.20369349	4.48150893	1.51333276	3.13875496	1.90653725	2.36137233	1.21979180	1.11202711	4.07159143	2.50009221	3.00026883	1.98392904	1.66463698	4.00346872	1.36485033	1.83680298	2.40233471	8.75875677	1.08005459	7.94903226	4.30583581	1.34433689	4.85454254	4.50399604	3.31168818	5.06641530	1.22977707	1.38117253	0.00000000	2.07616871	3.42808044	3.25829064	4.54300625	0.05802520	0.38328566	2.47852964	1.16474994	3.77798640	2.66410643
2.93101825	5.26853770	5.07344492	1.48601594	1.23587825	1.59094823	5.62347742	4.96709379	1.57807625	7.31520417	5.01531267	2.18002747	2.79178505	9.34640844	5.27969743	5.85119415	2.51993223	5.21478851	3.27633015	3.92461263	3.29587615	3.18807555	1.99540946	3.86989644	0.92408851	3.35374044	1.72201076	5.37322819	3.44089961	1.96157190	4.47840504	10.12840491	2.44989885	9.31868737	2.22964015	0.81521530	6.22422832	6.57990883	2.79452596	6.43611360	0.84635804	0.69497745	2.07609517	0.00000000	1.35190314	4.62807142	5.91275933	2.13411948	1.69281945	4.55456651	3.24084318	5.14772963	0.93052877
3.53937418	6.61985059	4.35540051	2.83770095	0.80186455	1.03283955	6.97466218	6.31842438	1.98850336	6.36475842	6.36656478	0.82802925	4.14331677	8.39580756	6.63103557	6.94740925	1.91443088	6.56622313	4.47986542	5.27595523	4.64747634	4.53955870	0.64349110	3.35562568	0.56939460	3.53559096	1.76321296	4.42287550	4.79238551	1.59104083	5.82995954	9.17768954	2.90033993	8.36799469	0.87767716	2.08356636	6.54800354	7.93095008	1.84461929	5.75007905	2.19812364	2.04679156	3.42773062	1.35187517	0.00000000	3.69564383	4.96238579	3.48575202	3.04448728	5.90601195	4.59247236	4.93494500	0.76390631
1.69692525	2.92420737	0.65975729	3.38026012	4.47965706	4.71063236	3.27902000	2.62278102	3.04966681	2.68697155	2.67092204	4.52367778	2.48261188	4.71802195	2.93539215	3.25176792	2.10787074	3.50997853	1.35170210	1.58031177	3.97084021	2.18080841	4.33913903	0.75809919	4.24718682	1.27423198	2.90572668	0.74508788	2.47317639	2.66617020	4.49666902	5.49990486	2.17796733	4.69020983	4.57332542	3.81248165	2.85236220	4.23530906	3.57943279	2.05443737	3.89909101	4.44490521	3.25797197	4.62759016	3.69564781	0.00000000	1.28459834	3.27414824	3.34017086	3.00527559	4.33246383	1.23930214	3.69708504
2.98140246	3.09859267	0.83929371	4.66464564	5.76389567	5.99484844	3.26591143	3.05142626	4.33403239	1.40233331	2.65785068	5.50052977	3.76708211	3.43329801	3.47268565	3.23860082	3.39226968	4.79450240	2.63622874	2.18155479	5.25527261	3.46530547	4.53738250	2.04260542	5.53144635	2.55872529	4.19008913	0.53949894	3.75767193	3.95053524	5.78112665	4.21511766	3.46240148	3.40543516	4.94463083	5.09682156	2.83919611	4.22212120	3.59221980	2.04129381	5.18343199	5.72921939	4.54238488	5.91187060	4.96205713	1.28454845	0.00000000	4.55856275	4.62456587	4.28979349	5.61688021	1.22623943	4.98137865
1.57737404	3.13452662	3.71987052	0.64812133	3.37010563	3.72518943	3.48950980	2.83307671	1.49736723	5.96165880	2.88132221	4.31427091	0.79167058	7.99291569	3.14567778	4.49769926	1.57135887	3.08073614	1.92271628	2.37755416	1.16176765	1.09353871	4.12962584	2.51627005	3.05830307	2.00010612	1.72266521	4.01965126	1.30682985	1.89483106	2.34431203	8.77495100	1.09622822	7.96522576	4.36387165	1.40236644	4.87073281	4.44598990	3.36971770	5.08260426	1.28780655	1.43920358	0.05802529	2.13420173	3.48611436	3.27447094	4.55918946	0.00000000	0.44131200	2.42051048	1.10672485	3.79417064	2.72213868
1.64341940	3.57578076	3.78588232	0.20680653	2.92874751	3.28382466	3.93074305	3.27433373	1.05604655	6.02765665	3.32256644	3.87290506	1.09898957	8.05888825	3.58693604	4.56367286	1.23230844	3.52201013	1.98874706	2.44357076	1.60306862	1.49528862	3.68827301	2.58230684	2.61695111	2.06614673	1.28134361	4.08566428	1.74811219	1.45351022	2.78560555	8.84090489	1.16228628	8.03118336	3.92251155	0.96103819	4.93670670	4.88719975	2.92838959	5.14858480	0.84647862	1.10490525	0.38328142	1.69285594	3.04476401	3.34049528	4.62519909	0.44130624	0.00000000	2.86178622	1.54803054	3.86017504	2.28079677
2.36680518	1.19157436	3.45087232	3.06885566	5.79108835	6.14621025	2.67867850	1.23869092	3.91813527	5.69274061	2.31870537	6.73529788	1.76289134	7.72414245	0.81741022	4.22892014	3.99207050	0.66023578	1.65360934	2.10852855	1.25888742	1.36653899	6.55057820	2.55043423	5.47925041	2.37052213	4.14343854	3.75064611	1.11371843	4.31560001	1.49164051	8.50628476	3.00601660	7.69653832	6.78486572	3.82317789	4.60195198	3.78538718	5.79052838	4.81378533	3.70861619	3.86005854	2.47871331	4.55511374	5.90705250	3.00540090	4.29020379	2.42068530	2.86203028	0.00000000	1.32760451	3.52521495	5.14302841
2.63578868	2.51918074	4.77847869	1.75489869	4.47713298	4.83225512	4.00628563	2.56629720	2.60417852	7.02034748	3.64631211	5.42134279	1.85007333	9.05175023	2.14501645	5.55652789	2.67811338	1.97419423	2.98121503	3.43613475	0.36168947	2.15198712	5.23662263	3.57473408	4.16529480	3.05854816	2.82948182	5.07825244	1.85961289	3.00164326	1.23765740	9.83389320	2.15456958	9.02414663	5.47091041	2.50922141	5.92955972	5.11299514	4.47657190	6.14139282	2.39465970	2.54610234	1.16475605	3.24115790	4.59309683	4.33300682	5.61781024	1.10672802	1.54807320	1.32760560	0.00000000	4.85282160	3.82907244
2.21654065	2.33355246	0.57955908	3.89992740	4.99940746	5.23039551	2.03974382	2.28640135	3.56934537	2.16744729	1.43162480	5.76320832	3.00223123	4.19854621	2.70766728	2.01252488	3.02064009	4.02956752	1.87128952	1.41654027	4.49048097	2.70041257	5.57864460	1.57938305	4.76692538	1.79383826	3.42540701	0.98633125	2.99278141	3.34404980	5.01629549	4.98046493	2.69760710	4.17076280	5.81284495	4.33217474	1.61311858	2.99607777	4.81889095	1.28828458	4.41878349	4.96461286	3.77762376	5.14731690	4.93514863	1.23934041	1.22626720	3.79379912	3.85983278	3.52486796	4.85211366	0.00000000	4.21680433
2.77558093	5.85612752	4.14256119	2.07385124	0.78260513	1.01359400	6.21098272	5.55469528	1.22464137	6.38426396	5.60286239	1.59198555	3.37951922	8.41536590	5.86730391	6.18376585	1.58927771	5.80245863	3.71610262	4.51222205	3.88365549	3.77577768	1.40742022	2.93911382	0.55012229	2.77180764	0.99934904	4.44234937	4.02860356	1.03095784	5.06615425	9.19728684	2.13652017	8.38758427	1.64162147	1.31968856	5.78435951	7.16731946	1.86394137	5.50510332	1.43424650	1.28289791	2.66389777	0.93051305	0.76392394	3.69723841	4.98186675	2.72192016	2.28064341	5.14224377	3.82864165	4.21681588	0.00000000

DEMAND_SECTION
0 0
1 1
2 1
3 1
4 1
5 1
6 1
7 1
8 1
9 1
10 1
11 1
12 1
13 1
14 1
15 1
16 1
17 1
18 1
19 1
20 1
21 1
22 1
23 1
24 1
25 1
26 1
27 1
28 1
29 1
30 1
31 1
32 1
33 1
34 1
35 1
36 1
37 1
38 1
39 1
40 1
41 1
42 1
43 1
44 1
45 1
46 1
47 1
48 1
49 1
50 1
51 1
52 1

LOGISTIC_LOAD_SECTION
0	0
1	0
2	0
3	0
4	0
5	0
6	0
7	0
8	0
9	0
10	0
11	0
12	0
13	0
14	0
15	0
16	0
17	0
18	0
19	0
20	0
21	0
22	0
23	0
24	0
25	0
26	0
27	0
28	0
29	0
30	0
31	0
32	0
33	0
34	0
35	0
36	0
37	0
38	0
39	0
40	0
41	0
42	0
43	0
44	0
45	0
46	0
47	0
48	0
49	0
50	0
51	0
52	0

AVAILABILITY_LANDING_SPOT_SECTION
0	1
1	1
2	1
3	1
4	1
5	1
6	1
7	1
8	1
9	1
10	1
11	1
12	1
13	1
14	1
15	1
16	1
17	1
18	1
19	1
20	1
21	1
22	1
23	1
24	1
25	1
26	1
27	1
28	1
29	1
30	1
31	1
32	1
33	1
34	1
35	1
36	1
37	1
38	1
39	1
40	1
41	1
42	1
43	1
44	1
45	1
46	1
47	1
48	1
49	1
50	1
51	1
52	1

CUSTOMER_DRONE_PREFERENCE_SECTION
0	1
1	1
2	1
3	1
4	1
5	1
6	1
7	1
8	1
9	1
10	1
11	1
12	1
13	1
14	1
15	1
16	1
17	1
18	1
19	1
20	1
21	1
22	1
23	1
24	1
25	1
26	1
27	1
28	1
29	1
30	1
31	1
32	1
33	1
34	1
35	1
36	1
37	1
38	1
39	1
40	1
41	1
42	1
43	1
44	1
45	1
46	1
47	1
48	1
49	1
50	1
51	1
52	1

PRICE_SECTION
0	3
1	3
2	3
3	3
4	3
5	3
6	3
7	3
8	3
9	3
10	3
11	3
12	3
13	3
14	3
15	3
16	3
17	3
18	3
19	3
20	3
21	3
22	3
23	3
24	3
25	3
26	3
27	3
28	3
29	3
30	3
31	3
32	3
33	3
34	3
35	3
36	3
37	3
38	3
39	3
40	3
41	3
42	3
43	3
44	3
45	3
46	3
47	3
48	3
49	3
50	3
51	3
52	3

PRIORITY_DELIVERY_TIME_SECTION
0	0
1	0
2	0
3	0
4	0
5	0
6	0
7	0
8	0
9	0
10	0
11	0
12	0
13	0
14	0
15	0
16	0
17	0
18	0
19	0
20	0
21	0
22	0
23	0
24	0
25	0
26	0
27	0
28	0
29	0
30	0
31	0
32	0
33	0
34	0
35	0
36	0
37	0
38	0
39	0
40	0
41	0
42	0
43	0
44	0
45	0
46	0
47	0
48	0
49	0
50	0
51	0
52	0

EOF
